1750700819581 0.0010000000474974513 0
1750700819585 0.0010000000474974513 1
1750700819590 0.0010000000474974513 2
1750700819593 0.0010000000474974513 3
1750700819596 0.0010000000474974513 4
1750700819600 0.0010000000474974513 5
1750700819603 0.0010000000474974513 6
1750700819607 0.0010000000474974513 7
1750700819611 0.0010000000474974513 8
1750700819614 0.0010000000474974513 9
1750700819617 0.0010000000474974513 10
1750700819621 0.0010000000474974513 11
1750700819626 0.0010000000474974513 12
1750700819629 0.0010000000474974513 13
1750700819633 0.0010000000474974513 14
1750700819636 0.0010000000474974513 15
1750700819640 0.0010000000474974513 16
1750700819645 0.0010000000474974513 17
1750700819649 0.0010000000474974513 18
1750700819652 0.0010000000474974513 19
1750700819657 0.0010000000474974513 20
1750700819660 0.0010000000474974513 21
1750700819663 0.0010000000474974513 22
1750700819666 0.0010000000474974513 23
1750700819670 0.0010000000474974513 24
1750700819673 0.0010000000474974513 25
1750700819677 0.0010000000474974513 26
1750700819680 0.0010000000474974513 27
1750700819684 0.0010000000474974513 28
1750700819687 0.0010000000474974513 29
1750700819691 0.0010000000474974513 30
1750700819695 0.0010000000474974513 31
1750700819698 0.0010000000474974513 32
1750700819701 0.0010000000474974513 33
1750700819705 0.0010000000474974513 34
1750700819709 0.0010000000474974513 35
1750700819712 0.0010000000474974513 36
1750700819715 0.0010000000474974513 37
1750700819719 0.0010000000474974513 38
1750700819722 0.0010000000474974513 39
1750700819726 0.0010000000474974513 40
1750700819730 0.0010000000474974513 41
1750700819733 0.0005000000237487257 42
1750700819737 0.0005000000237487257 43
1750700819741 0.0005000000237487257 44
1750700819745 0.0005000000237487257 45
1750700819750 0.0005000000237487257 46
1750700819753 0.0005000000237487257 47
1750700819757 0.0005000000237487257 48
1750700819761 0.0005000000237487257 49
1750700819764 0.0005000000237487257 50
1750700819768 0.0005000000237487257 51
1750700819772 0.0002500000118743628 52
1750700819776 0.0002500000118743628 53
1750700819779 0.0002500000118743628 54
1750700819783 0.0002500000118743628 55
1750700819786 0.0002500000118743628 56
1750700819791 0.0002500000118743628 57
1750700819794 0.0002500000118743628 58
1750700819798 0.0002500000118743628 59
1750700819801 0.0002500000118743628 60
1750700819805 0.0002500000118743628 61
1750700819808 0.0001250000059371814 62
1750700819812 0.0001250000059371814 63
1750700819815 0.0001250000059371814 64
1750700819818 0.0001250000059371814 65
1750700819822 0.0001250000059371814 66
1750700819825 0.0001250000059371814 67
1750700819829 0.0001250000059371814 68
1750700819832 0.0001250000059371814 69
1750700819835 0.0001250000059371814 70
1750700819840 0.0001250000059371814 71
1750700819843 0.0001250000059371814 72
1750700819846 0.0001250000059371814 73
1750700819850 0.0001250000059371814 74
1750700819853 0.0001250000059371814 75
1750700819857 0.0001250000059371814 76
1750700819862 6.25000029685907e-05 77
1750700819866 6.25000029685907e-05 78
1750700819869 6.25000029685907e-05 79
1750700819873 6.25000029685907e-05 80
1750700819877 6.25000029685907e-05 81
1750700819880 6.25000029685907e-05 82
1750700819884 6.25000029685907e-05 83
1750700819887 6.25000029685907e-05 84
1750700819891 6.25000029685907e-05 85
1750700819895 6.25000029685907e-05 86
1750700819898 3.125000148429535e-05 87
1750700819901 3.125000148429535e-05 88
1750700819906 3.125000148429535e-05 89
1750700819909 3.125000148429535e-05 90
1750700819913 3.125000148429535e-05 91
1750700819916 3.125000148429535e-05 92
1750700819920 3.125000148429535e-05 93
1750700819923 3.125000148429535e-05 94
1750700819927 3.125000148429535e-05 95
1750700819931 3.125000148429535e-05 96
1750700819934 1.5625000742147677e-05 97
1750700819937 1.5625000742147677e-05 98
1750700819942 1.5625000742147677e-05 99
1750700819945 1.5625000742147677e-05 100
1750700819948 1.5625000742147677e-05 101
1750700819952 1.5625000742147677e-05 102
1750700819955 1.5625000742147677e-05 103
1750700819959 1.5625000742147677e-05 104
1750700819963 1.5625000742147677e-05 105
1750700819967 1.5625000742147677e-05 106
1750700819970 7.812500371073838e-06 107
1750700819974 7.812500371073838e-06 108
1750700819978 7.812500371073838e-06 109
1750700819982 7.812500371073838e-06 110
1750700819986 7.812500371073838e-06 111
1750700819990 7.812500371073838e-06 112
1750700819993 7.812500371073838e-06 113
1750700819996 7.812500371073838e-06 114
1750700820000 7.812500371073838e-06 115
1750700820003 7.812500371073838e-06 116
1750700820010 3.906250185536919e-06 117
1750700820012 3.906250185536919e-06 118
1750700820017 3.906250185536919e-06 119
1750700820022 3.906250185536919e-06 120
1750700820026 3.906250185536919e-06 121
1750700820031 3.906250185536919e-06 122
1750700820036 3.906250185536919e-06 123
1750700820041 3.906250185536919e-06 124
1750700820044 3.906250185536919e-06 125
1750700820048 3.906250185536919e-06 126
1750700820051 1.9531250927684596e-06 127
1750700820055 1.9531250927684596e-06 128
1750700820059 1.9531250927684596e-06 129
1750700820062 1.9531250927684596e-06 130
1750700820065 1.9531250927684596e-06 131
1750700820069 1.9531250927684596e-06 132
1750700820073 1.9531250927684596e-06 133
1750700820076 1.9531250927684596e-06 134
1750700820081 1.9531250927684596e-06 135
1750700820083 1.9531250927684596e-06 136
1750700820087 9.999999974752427e-07 137
1750700820092 9.999999974752427e-07 138
1750700820096 9.999999974752427e-07 139
1750700820099 9.999999974752427e-07 140
1750700820103 9.999999974752427e-07 141
1750700820107 9.999999974752427e-07 142
1750700820110 9.999999974752427e-07 143
1750700820113 9.999999974752427e-07 144
1750700820117 9.999999974752427e-07 145
1750700820120 9.999999974752427e-07 146
1750700820124 9.999999974752427e-07 147
1750700820127 9.999999974752427e-07 148
1750700820130 9.999999974752427e-07 149
1750700820134 9.999999974752427e-07 150
1750700820141 9.999999974752427e-07 151
1750700820144 9.999999974752427e-07 152
1750700820148 9.999999974752427e-07 153
1750700820151 9.999999974752427e-07 154
1750700820156 9.999999974752427e-07 155
1750700820160 9.999999974752427e-07 156
1750700820163 9.999999974752427e-07 157
1750700820167 9.999999974752427e-07 158
1750700820170 9.999999974752427e-07 159
1750700820174 9.999999974752427e-07 160
1750700820178 9.999999974752427e-07 161
1750700820181 9.999999974752427e-07 162
1750700820184 9.999999974752427e-07 163
1750700820188 9.999999974752427e-07 164
1750700820193 9.999999974752427e-07 165
1750700820196 9.999999974752427e-07 166
1750700820200 9.999999974752427e-07 167
1750700820203 9.999999974752427e-07 168
1750700820207 9.999999974752427e-07 169
1750700820210 9.999999974752427e-07 170
1750700820214 9.999999974752427e-07 171
1750700820217 9.999999974752427e-07 172
1750700820221 9.999999974752427e-07 173
1750700820225 9.999999974752427e-07 174
1750700820229 9.999999974752427e-07 175
1750700820232 9.999999974752427e-07 176
1750700820235 9.999999974752427e-07 177
1750700820239 9.999999974752427e-07 178
1750700820243 9.999999974752427e-07 179
1750700820246 9.999999974752427e-07 180
1750700820249 9.999999974752427e-07 181
1750700820252 9.999999974752427e-07 182
1750700820256 9.999999974752427e-07 183
1750700820260 9.999999974752427e-07 184
1750700820264 9.999999974752427e-07 185
1750700820266 9.999999974752427e-07 186
1750700820270 9.999999974752427e-07 187
1750700820275 9.999999974752427e-07 188
1750700820278 9.999999974752427e-07 189
1750700820282 9.999999974752427e-07 190
1750700820285 9.999999974752427e-07 191
1750700820290 9.999999974752427e-07 192
1750700820294 9.999999974752427e-07 193
1750700820298 9.999999974752427e-07 194
1750700820301 9.999999974752427e-07 195
1750700820305 9.999999974752427e-07 196
1750700820308 9.999999974752427e-07 197
1750700820312 9.999999974752427e-07 198
1750700820315 9.999999974752427e-07 199
1750700820318 9.999999974752427e-07 200
1750700820322 9.999999974752427e-07 201
1750700820325 9.999999974752427e-07 202
1750700820329 9.999999974752427e-07 203
1750700820333 9.999999974752427e-07 204
1750700820336 9.999999974752427e-07 205
1750700820340 9.999999974752427e-07 206
1750700820344 9.999999974752427e-07 207
1750700820347 9.999999974752427e-07 208
1750700820351 9.999999974752427e-07 209
1750700820355 9.999999974752427e-07 210
1750700820359 9.999999974752427e-07 211
1750700820362 9.999999974752427e-07 212
1750700820365 9.999999974752427e-07 213
1750700820369 9.999999974752427e-07 214
1750700820372 9.999999974752427e-07 215
1750700820376 9.999999974752427e-07 216
1750700820380 9.999999974752427e-07 217
1750700820383 9.999999974752427e-07 218
1750700820386 9.999999974752427e-07 219
1750700820391 9.999999974752427e-07 220
1750700820394 9.999999974752427e-07 221
1750700820398 9.999999974752427e-07 222
1750700820401 9.999999974752427e-07 223
1750700820405 9.999999974752427e-07 224
1750700820409 9.999999974752427e-07 225
1750700820413 9.999999974752427e-07 226
1750700820416 9.999999974752427e-07 227
1750700820419 9.999999974752427e-07 228
1750700820423 9.999999974752427e-07 229
1750700820427 9.999999974752427e-07 230
1750700820429 9.999999974752427e-07 231
1750700820433 9.999999974752427e-07 232
1750700820436 9.999999974752427e-07 233
1750700820441 9.999999974752427e-07 234
1750700820444 9.999999974752427e-07 235
1750700820447 9.999999974752427e-07 236
1750700820450 9.999999974752427e-07 237
1750700820453 9.999999974752427e-07 238
1750700820460 9.999999974752427e-07 239
1750700820465 9.999999974752427e-07 240
1750700820469 9.999999974752427e-07 241
1750700820475 9.999999974752427e-07 242
1750700820482 9.999999974752427e-07 243
1750700820487 9.999999974752427e-07 244
1750700820493 9.999999974752427e-07 245
1750700820496 9.999999974752427e-07 246
1750700820500 9.999999974752427e-07 247
1750700820505 9.999999974752427e-07 248
1750700820510 9.999999974752427e-07 249
1750700820515 9.999999974752427e-07 250
1750700820521 9.999999974752427e-07 251
1750700820526 9.999999974752427e-07 252
1750700820531 9.999999974752427e-07 253
1750700820537 9.999999974752427e-07 254
1750700820543 9.999999974752427e-07 255
1750700820549 9.999999974752427e-07 256
1750700820555 9.999999974752427e-07 257
1750700820559 9.999999974752427e-07 258
1750700820563 9.999999974752427e-07 259
1750700820567 9.999999974752427e-07 260
1750700820570 9.999999974752427e-07 261
1750700820574 9.999999974752427e-07 262
1750700820578 9.999999974752427e-07 263
1750700820581 9.999999974752427e-07 264
1750700820584 9.999999974752427e-07 265
1750700820588 9.999999974752427e-07 266
