1750700807695 0.3554355204105377 0
1750700807699 0.19705088436603546 1
1750700807703 0.15855315327644348 2
1750700807706 0.1276414692401886 3
1750700807710 0.10464335978031158 4
1750700807714 0.0905926376581192 5
1750700807717 0.07939186692237854 6
1750700807720 0.07412901520729065 7
1750700807724 0.07061741501092911 8
1750700807728 0.0665566697716713 9
1750700807732 0.0648297518491745 10
1750700807736 0.06757021695375443 11
1750700807739 0.060531143099069595 12
1750700807743 0.058945175260305405 13
1750700807747 0.06434132903814316 14
1750700807750 0.055060163140296936 15
1750700807753 0.05568134784698486 16
1750700807756 0.053177423775196075 17
1750700807760 0.05662095546722412 18
1750700807764 0.05029842630028725 19
1750700807768 0.05157351493835449 20
1750700807772 0.054825011640787125 21
1750700807776 0.04881788790225983 22
1750700807780 0.05228710547089577 23
1750700807785 0.05451914668083191 24
1750700807790 0.05180688947439194 25
1750700807795 0.049888379871845245 26
1750700807798 0.04779263585805893 27
1750700807802 0.04638953134417534 28
1750700807805 0.044514622539281845 29
1750700807809 0.04497682303190231 30
1750700807813 0.045066554099321365 31
1750700807817 0.04874692112207413 32
1750700807820 0.04200885072350502 33
1750700807824 0.04303375259041786 34
1750700807830 0.04439876973628998 35
1750700807834 0.043671850115060806 36
1750700807838 0.04756593704223633 37
1750700807842 0.04594314843416214 38
1750700807846 0.0428137481212616 39
1750700807850 0.04359598085284233 40
1750700807853 0.04203493520617485 41
1750700807856 0.04103405401110649 42
1750700807861 0.03894949331879616 43
1750700807865 0.03824198618531227 44
1750700807868 0.03823238983750343 45
1750700807872 0.03498627245426178 46
1750700807877 0.0373140424489975 47
1750700807881 0.03560066223144531 48
1750700807884 0.036011192947626114 49
1750700807887 0.03641947731375694 50
1750700807891 0.03762289136648178 51
1750700807895 0.03659941256046295 52
1750700807899 0.03543834760785103 53
1750700807902 0.03488841652870178 54
1750700807906 0.035754233598709106 55
1750700807910 0.03541172295808792 56
1750700807913 0.03444740176200867 57
1750700807917 0.0340735986828804 58
1750700807920 0.03417004272341728 59
1750700807924 0.03266383334994316 60
1750700807928 0.034871187061071396 61
1750700807931 0.03357803449034691 62
1750700807934 0.03412367030978203 63
1750700807938 0.03407346084713936 64
1750700807941 0.034029629081487656 65
1750700807945 0.03389560058712959 66
1750700807950 0.03367318958044052 67
1750700807953 0.03279975429177284 68
1750700807956 0.03397440165281296 69
1750700807960 0.03304513171315193 70
1750700807964 0.03418997302651405 71
1750700807967 0.03252594918012619 72
1750700807971 0.03460392355918884 73
1750700807974 0.0326504148542881 74
1750700807979 0.03441955894231796 75
1750700807982 0.03303453326225281 76
1750700807985 0.0346604660153389 77
1750700807988 0.03383500501513481 78
1750700807991 0.03179177641868591 79
1750700807995 0.032521601766347885 80
1750700807999 0.03489327058196068 81
1750700808003 0.03472915291786194 82
1750700808006 0.03285465016961098 83
1750700808010 0.034399036318063736 84
1750700808014 0.03305329009890556 85
1750700808017 0.033904749900102615 86
1750700808021 0.030930545181035995 87
1750700808024 0.033924397081136703 88
1750700808027 0.03237997740507126 89
1750700808031 0.03257056698203087 90
1750700808035 0.033303774893283844 91
1750700808038 0.032526928931474686 92
1750700808041 0.032345812767744064 93
1750700808046 0.03213999420404434 94
1750700808049 0.03289130702614784 95
1750700808053 0.032882899045944214 96
1750700808057 0.032652150839567184 97
1750700808061 0.03311942145228386 98
1750700808064 0.03435854613780975 99
1750700808068 0.031718648970127106 100
1750700808071 0.031381621956825256 101
1750700808075 0.03220561146736145 102
1750700808078 0.0332912839949131 103
1750700808082 0.03300265222787857 104
1750700808086 0.0316900908946991 105
1750700808089 0.03237510100007057 106
1750700808097 0.03231613337993622 107
1750700808102 0.034580931067466736 108
1750700808105 0.032457925379276276 109
1750700808112 0.03177899494767189 110
1750700808117 0.03207988664507866 111
1750700808122 0.03328515216708183 112
1750700808126 0.031930580735206604 113
1750700808130 0.03165882080793381 114
1750700808133 0.03373156487941742 115
1750700808136 0.03287593275308609 116
1750700808140 0.034288715571165085 117
1750700808144 0.032694630324840546 118
1750700808147 0.0317617729306221 119
1750700808151 0.031317148357629776 120
1750700808154 0.03249620646238327 121
1750700808158 0.03290283679962158 122
1750700808162 0.03293447941541672 123
1750700808166 0.031540725380182266 124
1750700808169 0.03211655467748642 125
1750700808173 0.03269491717219353 126
1750700808176 0.031924981623888016 127
1750700808180 0.032319337129592896 128
1750700808184 0.03315269201993942 129
1750700808187 0.032458312809467316 130
1750700808190 0.033833183348178864 131
1750700808194 0.031051306053996086 132
1750700808198 0.03203398361802101 133
1750700808201 0.033226799219846725 134
1750700808205 0.032859161496162415 135
1750700808207 0.03233868256211281 136
1750700808213 0.03320512920618057 137
1750700808216 0.03286963701248169 138
1750700808219 0.034311212599277496 139
1750700808223 0.03266266733407974 140
1750700808227 0.03253452479839325 141
1750700808230 0.030925801023840904 142
1750700808234 0.03265686705708504 143
1750700808237 0.03262792527675629 144
1750700808240 0.03238828107714653 145
1750700808244 0.03164683282375336 146
1750700808248 0.03271616995334625 147
1750700808252 0.03423082455992699 148
1750700808255 0.0328587144613266 149
1750700808259 0.03343461826443672 150
1750700808262 0.03323895111680031 151
1750700808267 0.032823145389556885 152
1750700808270 0.034217897802591324 153
1750700808273 0.03263549134135246 154
1750700808277 0.03332804515957832 155
1750700808281 0.032674118876457214 156
1750700808284 0.03325287252664566 157
1750700808288 0.03210066258907318 158
1750700808291 0.03215862810611725 159
1750700808295 0.031934626400470734 160
1750700808299 0.03161965683102608 161
1750700808302 0.03246358782052994 162
1750700808305 0.03398605063557625 163
1750700808309 0.03183887153863907 164
1750700808313 0.03328193351626396 165
1750700808317 0.03382578864693642 166
1750700808320 0.03287340700626373 167
1750700808323 0.03300865739583969 168
1750700808327 0.033688779920339584 169
1750700808331 0.03307013213634491 170
1750700808334 0.033688247203826904 171
1750700808338 0.03330850973725319 172
1750700808341 0.031120795756578445 173
1750700808345 0.03261498734354973 174
1750700808349 0.033103544265031815 175
1750700808352 0.032039035111665726 176
1750700808356 0.031866222620010376 177
1750700808360 0.03269476071000099 178
1750700808367 0.03229827433824539 179
1750700808370 0.033380117267370224 180
1750700808374 0.032330770045518875 181
1750700808379 0.03290019929409027 182
1750700808382 0.03435331583023071 183
1750700808386 0.03223437815904617 184
1750700808390 0.03384698927402496 185
1750700808394 0.03179983049631119 186
1750700808397 0.03243029862642288 187
1750700808400 0.03185674548149109 188
1750700808404 0.032891999930143356 189
1750700808407 0.032832592725753784 190
1750700808411 0.03258335962891579 191
1750700808415 0.033071812242269516 192
1750700808418 0.03317874297499657 193
1750700808421 0.03404879942536354 194
1750700808425 0.03249650448560715 195
1750700808430 0.03327087312936783 196
1750700808433 0.03309914842247963 197
1750700808436 0.0328621044754982 198
1750700808440 0.03321140632033348 199
1750700808444 0.03222200646996498 200
1750700808448 0.0346355065703392 201
1750700808451 0.03294743224978447 202
1750700808454 0.03353583440184593 203
1750700808458 0.03411925956606865 204
1750700808462 0.03196730464696884 205
1750700808465 0.03183872252702713 206
1750700808469 0.03119516745209694 207
1750700808472 0.03295518457889557 208
1750700808475 0.03230656310915947 209
1750700808481 0.034034814685583115 210
1750700808485 0.034155383706092834 211
1750700808488 0.03237628936767578 212
1750700808492 0.03327342867851257 213
1750700808495 0.0337204784154892 214
1750700808499 0.03158791735768318 215
1750700808503 0.033915773034095764 216
1750700808506 0.0328940823674202 217
1750700808510 0.03410831466317177 218
1750700808513 0.03313436731696129 219
1750700808517 0.031957533210515976 220
1750700808520 0.03190638870000839 221
1750700808523 0.03282107040286064 222
1750700808527 0.0318424329161644 223
1750700808531 0.03252207487821579 224
1750700808534 0.03278812766075134 225
1750700808538 0.03233415633440018 226
1750700808541 0.03204265236854553 227
1750700808546 0.032535869628190994 228
1750700808549 0.03333193436264992 229
1750700808553 0.03244280442595482 230
1750700808556 0.032945066690444946 231
1750700808560 0.032210059463977814 232
1750700808564 0.032580677419900894 233
1750700808568 0.03281976655125618 234
1750700808571 0.0328453928232193 235
1750700808574 0.033760230988264084 236
1750700808578 0.03218350559473038 237
1750700808583 0.0320960134267807 238
1750700808587 0.03114732913672924 239
1750700808590 0.03260631486773491 240
1750700808595 0.033134546130895615 241
1750700808599 0.03222957253456116 242
1750700808603 0.03455212339758873 243
1750700808606 0.03201540559530258 244
1750700808609 0.03255973383784294 245
1750700808614 0.03210543096065521 246
1750700808617 0.03227567300200462 247
1750700808620 0.03316286578774452 248
1750700808624 0.032381340861320496 249
1750700808629 0.031544532626867294 250
1750700808633 0.03447170928120613 251
1750700808638 0.031937967985868454 252
1750700808644 0.03264547139406204 253
1750700808648 0.03275277093052864 254
1750700808651 0.03321715071797371 255
1750700808654 0.03209370747208595 256
1750700808658 0.03355110436677933 257
1750700808662 0.03236446902155876 258
1750700808666 0.03385331854224205 259
1750700808669 0.03204190358519554 260
1750700808672 0.03191051632165909 261
1750700808676 0.03190998360514641 262
1750700808680 0.03346630558371544 263
1750700808684 0.03267568349838257 264
1750700808686 0.03383013978600502 265
1750700808690 0.03376185521483421 266
