1750700808694 0.7057431936264038 0
1750700808698 0.4986879527568817 1
1750700808702 0.42738470435142517 2
1750700808705 0.37914183735847473 3
1750700808709 0.33875635266304016 4
1750700808713 0.31036579608917236 5
1750700808717 0.2873658239841461 6
1750700808720 0.2763700485229492 7
1750700808723 0.2689962685108185 8
1750700808727 0.2634289562702179 9
1750700808731 0.25907787680625916 10
1750700808734 0.2668798267841339 11
1750700808738 0.24884599447250366 12
1750700808741 0.24822156131267548 13
1750700808745 0.2560257017612457 14
1750700808749 0.2331617921590805 15
1750700808752 0.23723050951957703 16
1750700808755 0.2301853746175766 17
1750700808759 0.2384132444858551 18
1750700808763 0.22454461455345154 19
1750700808766 0.2265077531337738 20
1750700808770 0.23173248767852783 21
1750700808774 0.22024232149124146 22
1750700808778 0.226590096950531 23
1750700808781 0.2322368025779724 24
1750700808784 0.22537319362163544 25
1750700808788 0.22116510570049286 26
1750700808792 0.21434102952480316 27
1750700808796 0.21327228844165802 28
1750700808800 0.20640026032924652 29
1750700808804 0.20484840869903564 30
1750700808807 0.20950911939144135 31
1750700808812 0.21740005910396576 32
1750700808815 0.1960986703634262 33
1750700808818 0.2024725377559662 34
1750700808822 0.20625075697898865 35
1750700808825 0.2041802853345871 36
1750700808829 0.21695296466350555 37
1750700808833 0.21349792182445526 38
1750700808836 0.20331209897994995 39
1750700808839 0.20576445758342743 40
1750700808843 0.19630607962608337 41
1750700808847 0.19411255419254303 42
1750700808850 0.19161784648895264 43
1750700808853 0.18583929538726807 44
1750700808856 0.18333078920841217 45
1750700808862 0.17762237787246704 46
1750700808865 0.18176740407943726 47
1750700808868 0.17610187828540802 48
1750700808871 0.18127116560935974 49
1750700808875 0.18151059746742249 50
1750700808879 0.18464069068431854 51
1750700808883 0.1832425743341446 52
1750700808886 0.1749870479106903 53
1750700808889 0.17599566280841827 54
1750700808894 0.17904077470302582 55
1750700808897 0.1757042557001114 56
1750700808901 0.1734410673379898 57
1750700808904 0.17168410122394562 58
1750700808908 0.17402957379817963 59
1750700808912 0.16868175566196442 60
1750700808917 0.17247764766216278 61
1750700808921 0.1727098673582077 62
1750700808924 0.17499452829360962 63
1750700808928 0.17327769100666046 64
1750700808932 0.17273680865764618 65
1750700808934 0.171922504901886 66
1750700808938 0.17243346571922302 67
1750700808941 0.16848422586917877 68
1750700808945 0.1726444810628891 69
1750700808949 0.1685655117034912 70
1750700808952 0.1728595495223999 71
1750700808956 0.16853582859039307 72
1750700808959 0.17098566889762878 73
1750700808963 0.1689547896385193 74
1750700808967 0.17351695895195007 75
1750700808970 0.1693396419286728 76
1750700808973 0.17311541736125946 77
1750700808977 0.17185494303703308 78
1750700808980 0.16705377399921417 79
1750700808984 0.1697719842195511 80
1750700808988 0.17355650663375854 81
1750700808991 0.17430615425109863 82
1750700808995 0.1689443737268448 83
1750700808998 0.1718757450580597 84
1750700809002 0.17010700702667236 85
1750700809005 0.1706915646791458 86
1750700809009 0.1657470017671585 87
1750700809013 0.1729564517736435 88
1750700809017 0.1697397083044052 89
1750700809021 0.16902728378772736 90
1750700809024 0.17117704451084137 91
1750700809028 0.1686878353357315 92
1750700809032 0.16880744695663452 93
1750700809035 0.16696667671203613 94
1750700809038 0.16805987060070038 95
1750700809041 0.17034387588500977 96
1750700809045 0.1688712239265442 97
1750700809049 0.16889047622680664 98
1750700809052 0.172030508518219 99
1750700809056 0.16651351749897003 100
1750700809060 0.16610394418239594 101
1750700809064 0.16690149903297424 102
1750700809067 0.1706097573041916 103
1750700809071 0.1710287630558014 104
1750700809074 0.16734464466571808 105
1750700809078 0.16753393411636353 106
1750700809082 0.16647683084011078 107
1750700809085 0.1729307472705841 108
1750700809088 0.16905224323272705 109
1750700809092 0.1652686446905136 110
1750700809096 0.16672950983047485 111
1750700809099 0.1700820028781891 112
1750700809102 0.16787110269069672 113
1750700809106 0.1659771203994751 114
1750700809111 0.17153358459472656 115
1750700809114 0.16824619472026825 116
1750700809118 0.17265108227729797 117
1750700809122 0.16853377223014832 118
1750700809126 0.16638977825641632 119
1750700809130 0.16700416803359985 120
1750700809133 0.1705385446548462 121
1750700809136 0.17096368968486786 122
1750700809140 0.17053239047527313 123
1750700809144 0.16609466075897217 124
1750700809148 0.16629108786582947 125
1750700809151 0.17036961019039154 126
1750700809154 0.1672409474849701 127
1750700809158 0.1686750054359436 128
1750700809162 0.1703246384859085 129
1750700809165 0.16852691769599915 130
1750700809169 0.17277759313583374 131
1750700809172 0.1658393293619156 132
1750700809176 0.1660262942314148 133
1750700809179 0.17158307135105133 134
1750700809183 0.16893328726291656 135
1750700809185 0.16863666474819183 136
1750700809189 0.16986536979675293 137
1750700809193 0.1688590943813324 138
1750700809197 0.173030823469162 139
1750700809200 0.16892023384571075 140
1750700809204 0.1692160815000534 141
1750700809207 0.16654936969280243 142
1750700809212 0.16840463876724243 143
1750700809214 0.1683126986026764 144
1750700809218 0.16737313568592072 145
1750700809222 0.16707856953144073 146
1750700809225 0.17002901434898376 147
1750700809230 0.17175360023975372 148
1750700809235 0.169369637966156 149
1750700809237 0.17059025168418884 150
1750700809241 0.16980108618736267 151
1750700809247 0.1684752106666565 152
1750700809250 0.17229919135570526 153
1750700809253 0.16900178790092468 154
1750700809256 0.17054863274097443 155
1750700809261 0.16994181275367737 156
1750700809264 0.1690014749765396 157
1750700809268 0.1696130335330963 158
1750700809270 0.16731293499469757 159
1750700809274 0.16997991502285004 160
1750700809278 0.16613535583019257 161
1750700809282 0.167084202170372 162
1750700809285 0.17250101268291473 163
1750700809288 0.16596148908138275 164
1750700809292 0.16961978375911713 165
1750700809296 0.1719960868358612 166
1750700809299 0.16941693425178528 167
1750700809303 0.16875971853733063 168
1750700809305 0.1693798154592514 169
1750700809310 0.17007379233837128 170
1750700809314 0.1731247752904892 171
1750700809317 0.17216800153255463 172
1750700809321 0.16480067372322083 173
1750700809324 0.1686175912618637 174
1750700809328 0.17009444534778595 175
1750700809332 0.16803370416164398 176
1750700809336 0.16695334017276764 177
1750700809339 0.16983206570148468 178
1750700809344 0.16962788999080658 179
1750700809349 0.17072108387947083 180
1750700809353 0.16737551987171173 181
1750700809359 0.16775090992450714 182
1750700809366 0.17381559312343597 183
1750700809372 0.1671471893787384 184
1750700809377 0.17305050790309906 185
1750700809382 0.1660299152135849 186
1750700809387 0.1677335798740387 187
1750700809392 0.16869278252124786 188
1750700809397 0.17024946212768555 189
1750700809402 0.16878058016300201 190
1750700809406 0.16974294185638428 191
1750700809412 0.17138157784938812 192
1750700809416 0.16884532570838928 193
1750700809421 0.1717389076948166 194
1750700809428 0.16740450263023376 195
1750700809433 0.17064176499843597 196
1750700809436 0.1706319898366928 197
1750700809441 0.17068102955818176 198
1750700809447 0.1696377396583557 199
1750700809452 0.1684631109237671 200
1750700809455 0.17334957420825958 201
1750700809459 0.16964532434940338 202
1750700809463 0.17069461941719055 203
1750700809467 0.16985160112380981 204
1750700809470 0.16811667382717133 205
1750700809473 0.16828256845474243 206
1750700809477 0.16627229750156403 207
1750700809481 0.16974066197872162 208
1750700809484 0.167876198887825 209
1750700809487 0.17092399299144745 210
1750700809490 0.17180895805358887 211
1750700809495 0.16858406364917755 212
1750700809498 0.1712302714586258 213
1750700809502 0.17210593819618225 214
1750700809505 0.16836504638195038 215
1750700809509 0.17141589522361755 216
1750700809513 0.16951884329319 217
1750700809516 0.17139028012752533 218
1750700809520 0.1698594093322754 219
1750700809523 0.16725800931453705 220
1750700809527 0.16574999690055847 221
1750700809531 0.1700933873653412 222
1750700809534 0.1661432832479477 223
1750700809537 0.16799679398536682 224
1750700809541 0.16863226890563965 225
1750700809545 0.1670842170715332 226
1750700809551 0.16668617725372314 227
1750700809555 0.16661304235458374 228
1750700809560 0.17137041687965393 229
1750700809563 0.1674751192331314 230
1750700809566 0.17063485085964203 231
1750700809569 0.16892652213573456 232
1750700809573 0.16760671138763428 233
1750700809577 0.16980448365211487 234
1750700809581 0.16957604885101318 235
1750700809584 0.17002704739570618 236
1750700809588 0.1669699102640152 237
1750700809591 0.16784901916980743 238
1750700809595 0.16706639528274536 239
1750700809599 0.16830308735370636 240
1750700809602 0.1705130636692047 241
1750700809605 0.1681891232728958 242
1750700809610 0.17472244799137115 243
1750700809614 0.166639044880867 244
1750700809617 0.16893714666366577 245
1750700809620 0.16725558042526245 246
1750700809624 0.16853326559066772 247
1750700809628 0.17043821513652802 248
1750700809632 0.16960904002189636 249
1750700809635 0.16675634682178497 250
1750700809639 0.17297054827213287 251
1750700809643 0.16878071427345276 252
1750700809646 0.16825266182422638 253
1750700809650 0.16778869926929474 254
1750700809653 0.17002491652965546 255
1750700809656 0.16678525507450104 256
1750700809661 0.17078866064548492 257
1750700809665 0.1670859009027481 258
1750700809669 0.17247159779071808 259
1750700809672 0.16763056814670563 260
1750700809677 0.16577017307281494 261
1750700809680 0.16503778100013733 262
1750700809683 0.17100049555301666 263
1750700809687 0.17024695873260498 264
1750700809690 0.17246013879776 265
1750700809694 0.1706349104642868 266
