1750700809698 0.8478817939758301 0
1750700809701 0.4234234392642975 1
1750700809705 0.33873385190963745 2
1750700809709 0.2692084014415741 3
1750700809713 0.21891292929649353 4
1750700809716 0.1887824833393097 5
1750700809719 0.1655484288930893 6
1750700809722 0.15395934879779816 7
1750700809727 0.14673827588558197 8
1750700809730 0.13809604942798615 9
1750700809733 0.1328078955411911 10
1750700809737 0.1386246532201767 11
1750700809740 0.12587007880210876 12
1750700809745 0.12070772796869278 13
1750700809748 0.13183923065662384 14
1750700809751 0.11293622851371765 15
1750700809754 0.1147632822394371 16
1750700809758 0.10888082534074783 17
1750700809762 0.11575397104024887 18
1750700809767 0.10294446349143982 19
1750700809770 0.10493576526641846 20
1750700809774 0.11227409541606903 21
1750700809779 0.09921704232692719 22
1750700809782 0.10663087666034698 23
1750700809786 0.11126154661178589 24
1750700809788 0.1056491956114769 25
1750700809793 0.10150258988142014 26
1750700809797 0.09687571972608566 27
1750700809800 0.09465886652469635 28
1750700809802 0.0913124680519104 29
1750700809806 0.09113557636737823 30
1750700809810 0.09132618457078934 31
1750700809814 0.09914786368608475 32
1750700809817 0.08531613647937775 33
1750700809820 0.0871867761015892 34
1750700809824 0.08954069018363953 35
1750700809828 0.08918043226003647 36
1750700809832 0.09590712934732437 37
1750700809834 0.09231140464544296 38
1750700809838 0.08616156876087189 39
1750700809842 0.08802874386310577 40
1750700809846 0.0848473459482193 41
1750700809849 0.08298414200544357 42
1750700809853 0.07837716490030289 43
1750700809856 0.07712006568908691 44
1750700809860 0.07715828716754913 45
1750700809864 0.07002006471157074 46
1750700809867 0.07498877495527267 47
1750700809870 0.07168427109718323 48
1750700809874 0.07226140797138214 49
1750700809878 0.07299559563398361 50
1750700809882 0.0755854919552803 51
1750700809887 0.07349646091461182 52
1750700809890 0.07093168795108795 53
1750700809894 0.06996361911296844 54
1750700809897 0.07192256301641464 55
1750700809901 0.07074569910764694 56
1750700809904 0.06934752315282822 57
1750700809907 0.06802655011415482 58
1750700809911 0.06875819712877274 59
1750700809915 0.06577365100383759 60
1750700809918 0.06989721953868866 61
1750700809921 0.06710582971572876 62
1750700809924 0.06851828843355179 63
1750700809929 0.06846697628498077 64
1750700809932 0.06804492324590683 65
1750700809935 0.06844162940979004 66
1750700809939 0.06759815663099289 67
1750700809942 0.0655737966299057 68
1750700809946 0.06832956522703171 69
1750700809949 0.06615777313709259 70
1750700809952 0.06907323002815247 71
1750700809957 0.06563016772270203 72
1750700809961 0.06997981667518616 73
1750700809965 0.06555743515491486 74
1750700809968 0.06929274648427963 75
1750700809972 0.06598307937383652 76
1750700809977 0.06971421092748642 77
1750700809980 0.06772281229496002 78
1750700809985 0.06359251588582993 79
1750700809988 0.06495799124240875 80
1750700809992 0.07041896134614944 81
1750700809996 0.0694953203201294 82
1750700809999 0.06553548574447632 83
1750700810003 0.06907038390636444 84
1750700810005 0.06658176332712173 85
1750700810010 0.0685739815235138 86
1750700810015 0.062018994241952896 87
1750700810018 0.06807363778352737 88
1750700810021 0.0644824430346489 89
1750700810025 0.0650983452796936 90
1750700810029 0.06708106398582458 91
1750700810033 0.06502359360456467 92
1750700810036 0.06487877666950226 93
1750700810039 0.06421420723199844 94
1750700810043 0.06583651900291443 95
1750700810047 0.06590846180915833 96
1750700810050 0.06550862640142441 97
1750700810054 0.0667111799120903 98
1750700810057 0.06929729878902435 99
1750700810061 0.06329368054866791 100
1750700810064 0.0633154958486557 101
1750700810068 0.06468558311462402 102
1750700810071 0.06682754307985306 103
1750700810075 0.0663476288318634 104
1750700810079 0.06358242779970169 105
1750700810082 0.06530801951885223 106
1750700810086 0.06475966423749924 107
1750700810089 0.06927506625652313 108
1750700810093 0.06547772884368896 109
1750700810099 0.06367802619934082 110
1750700810103 0.06462962180376053 111
1750700810106 0.06656820327043533 112
1750700810112 0.06375541538000107 113
1750700810115 0.06327831745147705 114
1750700810118 0.06802297383546829 115
1750700810122 0.06627553701400757 116
1750700810126 0.06853886693716049 117
1750700810130 0.06519631296396255 118
1750700810133 0.06323744356632233 119
1750700810136 0.062083132565021515 120
1750700810140 0.06494193524122238 121
1750700810144 0.06628059595823288 122
1750700810148 0.06570125371217728 123
1750700810151 0.06306112557649612 124
1750700810154 0.06422684341669083 125
1750700810158 0.06522154062986374 126
1750700810162 0.063846655189991 127
1750700810165 0.06461719423532486 128
1750700810169 0.06648282706737518 129
1750700810172 0.06506197899580002 130
1750700810176 0.06781281530857086 131
1750700810179 0.061898428946733475 132
1750700810183 0.06419689208269119 133
1750700810186 0.06656176596879959 134
1750700810190 0.0659642294049263 135
1750700810194 0.06417571753263474 136
1750700810198 0.06682602316141129 137
1750700810202 0.0662383884191513 138
1750700810205 0.06914616376161575 139
1750700810209 0.06571664661169052 140
1750700810213 0.06535451859235764 141
1750700810216 0.061647988855838776 142
1750700810220 0.0655752643942833 143
1750700810223 0.06527679413557053 144
1750700810228 0.06507522612810135 145
1750700810231 0.06346596777439117 146
1750700810234 0.06528451293706894 147
1750700810238 0.06880172342061996 148
1750700810241 0.06604322791099548 149
1750700810245 0.06712673604488373 150
1750700810249 0.06650405377149582 151
1750700810252 0.06574380397796631 152
1750700810256 0.06808405369520187 153
1750700810260 0.06570802628993988 154
1750700810263 0.0673433244228363 155
1750700810267 0.06523696333169937 156
1750700810270 0.06708603352308273 157
1750700810274 0.06453804671764374 158
1750700810278 0.06456226110458374 159
1750700810281 0.06345962733030319 160
1750700810284 0.06319008022546768 161
1750700810288 0.0650162547826767 162
1750700810291 0.06821259111166 163
1750700810296 0.06403716653585434 164
1750700810298 0.06668367981910706 165
1750700810302 0.06786718964576721 166
1750700810305 0.06573976576328278 167
1750700810309 0.06610091030597687 168
1750700810313 0.06737848371267319 169
1750700810317 0.06658326834440231 170
1750700810321 0.0674564465880394 171
1750700810324 0.06648850440979004 172
1750700810328 0.062234703451395035 173
1750700810332 0.0652870386838913 174
1750700810335 0.06676941365003586 175
1750700810338 0.06402711570262909 176
1750700810341 0.0641067773103714 177
1750700810345 0.06589632481336594 178
1750700810349 0.06445209681987762 179
1750700810352 0.06690957397222519 180
1750700810355 0.06487463414669037 181
1750700810360 0.06596715748310089 182
1750700810363 0.06921462714672089 183
1750700810367 0.06497996300458908 184
1750700810370 0.06772755086421967 185
1750700810374 0.06332646310329437 186
1750700810378 0.06483595818281174 187
1750700810382 0.06380482017993927 188
1750700810384 0.06566893309354782 189
1750700810388 0.06578093022108078 190
1750700810392 0.06530499458312988 191
1750700810396 0.06605017185211182 192
1750700810399 0.0664106011390686 193
1750700810403 0.06876435875892639 194
1750700810406 0.06547261774539948 195
1750700810410 0.06682714819908142 196
1750700810415 0.06623964011669159 197
1750700810418 0.06536396592855453 198
1750700810421 0.06718984246253967 199
1750700810425 0.06440582871437073 200
1750700810429 0.06980764120817184 201
1750700810433 0.06638237088918686 202
1750700810436 0.0674089789390564 203
1750700810439 0.06903094798326492 204
1750700810443 0.0639190524816513 205
1750700810447 0.06350729614496231 206
1750700810450 0.062158022075891495 207
1750700810454 0.0656331405043602 208
1750700810457 0.06453123688697815 209
1750700810461 0.06873851269483566 210
1750700810464 0.06866636872291565 211
1750700810468 0.06515821069478989 212
1750700810471 0.06638659536838531 213
1750700810475 0.06805836409330368 214
1750700810479 0.06315755099058151 215
1750700810482 0.06839578598737717 216
1750700810485 0.06606902182102203 217
1750700810489 0.06903946399688721 218
1750700810493 0.06634708493947983 219
1750700810496 0.06424228101968765 220
1750700810500 0.06437515467405319 221
1750700810503 0.06556891649961472 222
1750700810506 0.06387095898389816 223
1750700810511 0.06538346409797668 224
1750700810515 0.0660780668258667 225
1750700810518 0.0647834837436676 226
1750700810521 0.06408337503671646 227
1750700810525 0.0653914138674736 228
1750700810529 0.06723746657371521 229
1750700810533 0.06505412608385086 230
1750700810537 0.06560898572206497 231
1750700810540 0.06451157480478287 232
1750700810545 0.06532812863588333 233
1750700810549 0.06537579745054245 234
1750700810552 0.06586167961359024 235
1750700810555 0.06821383535861969 236
1750700810559 0.06490732729434967 237
1750700810563 0.06413453817367554 238
1750700810566 0.061928506940603256 239
1750700810570 0.06510531902313232 240
1750700810573 0.06667224317789078 241
1750700810576 0.06398081034421921 242
1750700810580 0.06907250732183456 243
1750700810584 0.06454211473464966 244
1750700810587 0.06557024270296097 245
1750700810590 0.06440113484859467 246
1750700810595 0.06435289233922958 247
1750700810598 0.06701740622520447 248
1750700810601 0.0647033080458641 249
1750700810605 0.06312128156423569 250
1750700810610 0.06886220723390579 251
1750700810614 0.06364130973815918 252
1750700810617 0.06524286419153214 253
1750700810621 0.06587118655443192 254
1750700810625 0.06655236333608627 255
1750700810629 0.06457860767841339 256
1750700810633 0.06685610115528107 257
1750700810637 0.06535936146974564 258
1750700810640 0.06778921186923981 259
1750700810644 0.06441912055015564 260
1750700810648 0.06385557353496552 261
1750700810651 0.06405103206634521 262
1750700810654 0.0667080208659172 263
1750700810657 0.06506001204252243 264
1750700810662 0.06805598735809326 265
1750700810665 0.06764470040798187 266
