1750700810668 -12.685891151428223 0
1750700810672 -5.794801712036133 1
1750700810676 -4.459794521331787 2
1750700810680 -3.1162431240081787 3
1750700810683 -2.346785306930542 4
1750700810687 -1.7282596826553345 5
1750700810689 -1.228783369064331 6
1750700810694 -1.1409815549850464 7
1750700810698 -0.9993916153907776 8
1750700810701 -0.824274480342865 9
1750700810704 -0.9370792508125305 10
1750700810708 -1.1181827783584595 11
1750700810712 -0.7685489058494568 12
1750700810715 -0.6231313347816467 13
1750700810718 -0.9963600039482117 14
1750700810722 -0.6727573275566101 15
1750700810726 -0.5249263048171997 16
1750700810730 -0.44171231985092163 17
1750700810733 -0.6670824885368347 18
1750700810736 -0.343345046043396 19
1750700810740 -0.4912772476673126 20
1750700810744 -0.5026038289070129 21
1750700810748 -0.28302526473999023 22
1750700810752 -0.5144506096839905 23
1750700810755 -0.7558561563491821 24
1750700810759 -0.4522920250892639 25
1750700810764 -0.5609531402587891 26
1750700810767 -0.3510833978652954 27
1750700810771 -0.3904569149017334 28
1750700810774 -0.2722668945789337 29
1750700810779 -0.3397379219532013 30
1750700810783 -0.2739963233470917 31
1750700810786 -0.5827199220657349 32
1750700810789 -0.08832615613937378 33
1750700810793 -0.1694582998752594 34
1750700810797 -0.15297819674015045 35
1750700810800 -0.22036366164684296 36
1750700810804 -0.279196172952652 37
1750700810807 -0.4356447160243988 38
1750700810812 -0.30875372886657715 39
1750700810815 -0.3294419050216675 40
1750700810819 -0.20639358460903168 41
1750700810821 -0.1211862564086914 42
1750700810825 -0.1711014211177826 43
1750700810829 -0.05757365748286247 44
1750700810833 -0.018147509545087814 45
1750700810836 0.04533695802092552 46
1750700810840 -0.0013588122092187405 47
1750700810844 0.08617087453603745 48
1750700810847 -0.011554141528904438 49
1750700810851 0.057700760662555695 50
1750700810854 -0.04428454861044884 51
1750700810858 0.01519804447889328 52
1750700810863 0.00019358086865395308 53
1750700810866 0.025998368859291077 54
1750700810869 -0.012235352769494057 55
1750700810873 0.05872446298599243 56
1750700810876 0.041917584836483 57
1750700810880 0.08674035966396332 58
1750700810884 0.08488538861274719 59
1750700810887 0.13086174428462982 60
1750700810890 0.09345831722021103 61
1750700810895 0.11062172800302505 62
1750700810898 0.032636936753988266 63
1750700810902 0.0669054239988327 64
1750700810905 0.05619275942444801 65
1750700810909 0.08227888494729996 66
1750700810913 0.06633540987968445 67
1750700810916 0.10589287430047989 68
1750700810919 0.07545921951532364 69
1750700810922 0.15188363194465637 70
1750700810927 0.09091182053089142 71
1750700810931 0.10735999792814255 72
1750700810934 0.05690717324614525 73
1750700810938 0.09851227700710297 74
1750700810941 0.05422753840684891 75
1750700810945 0.08809201419353485 76
1750700810948 0.1077897772192955 77
1750700810952 0.07712028920650482 78
1750700810956 0.12987083196640015 79
1750700810960 0.13115209341049194 80
1750700810964 0.06555198132991791 81
1750700810968 0.08754414319992065 82
1750700810971 0.09791713953018188 83
1750700810974 0.11532381176948547 84
1750700810979 0.12283046543598175 85
1750700810982 0.050904806703329086 86
1750700810985 0.16729064285755157 87
1750700810989 0.05802838131785393 88
1750700810992 0.13987401127815247 89
1750700810996 0.09834299236536026 90
1750700810999 0.053023457527160645 91
1750700811002 0.12010223418474197 92
1750700811006 0.10347649455070496 93
1750700811011 0.13632699847221375 94
1750700811014 0.13648274540901184 95
1750700811017 0.10632701218128204 96
1750700811020 0.09303044527769089 97
1750700811024 0.14260780811309814 98
1750700811028 0.05855860188603401 99
1750700811032 0.1677052229642868 100
1750700811035 0.14191575348377228 101
1750700811039 0.13667209446430206 102
1750700811042 0.09568225592374802 103
1750700811046 0.039656735956668854 104
1750700811050 0.1743539571762085 105
1750700811053 0.13612216711044312 106
1750700811056 0.12296626716852188 107
1750700811061 0.05631262809038162 108
1750700811064 0.08970112353563309 109
1750700811068 0.18898066878318787 110
1750700811071 0.15517361462116241 111
1750700811075 0.08977948129177094 112
1750700811079 0.08146277070045471 113
1750700811082 0.164673313498497 114
1750700811086 0.11094518005847931 115
1750700811089 0.14727802574634552 116
1750700811093 0.05463555455207825 117
1750700811097 0.08521238714456558 118
1750700811100 0.09216054528951645 119
1750700811104 0.1433907151222229 120
1750700811108 0.09429465979337692 121
1750700811114 0.1326024979352951 122
1750700811118 0.11433525383472443 123
1750700811121 0.16942167282104492 124
1750700811126 0.14754503965377808 125
1750700811130 0.11317237466573715 126
1750700811133 0.14287367463111877 127
1750700811136 0.12911580502986908 128
1750700811140 0.07739050686359406 129
1750700811144 0.15142282843589783 130
1750700811147 0.06092625856399536 131
1750700811150 0.15574726462364197 132
1750700811154 0.1467588245868683 133
1750700811157 0.13535262644290924 134
1750700811161 0.13952241837978363 135
1750700811166 0.1479949951171875 136
1750700811169 0.11471180617809296 137
1750700811172 0.15168537199497223 138
1750700811176 0.08066032826900482 139
1750700811180 0.14078384637832642 140
1750700811183 0.15443117916584015 141
1750700811187 0.15752999484539032 142
1750700811190 0.15181082487106323 143
1750700811194 0.13043156266212463 144
1750700811198 0.1326621174812317 145
1750700811201 0.11874642223119736 146
1750700811204 0.13192586600780487 147
1750700811207 0.09909519553184509 148
1750700811212 0.11041329056024551 149
1750700811216 0.11612473428249359 150
1750700811219 0.07662221044301987 151
1750700811222 0.15224409103393555 152
1750700811226 0.03935437649488449 153
1750700811230 0.11162928491830826 154
1750700811233 0.10108300298452377 155
1750700811236 0.1051352471113205 156
1750700811239 0.08749262243509293 157
1750700811244 0.16036902368068695 158
1750700811247 0.1838196963071823 159
1750700811250 0.14284533262252808 160
1750700811254 0.16517038643360138 161
1750700811257 0.1704723834991455 162
1750700811262 0.060095325112342834 163
1750700811265 0.13782645761966705 164
1750700811268 0.13123583793640137 165
1750700811272 0.05691580846905708 166
1750700811276 0.0733194500207901 167
1750700811280 0.07057035714387894 168
1750700811284 0.0993315726518631 169
1750700811288 0.12594415247440338 170
1750700811291 0.05108492821455002 171
1750700811295 0.04993067681789398 172
1750700811298 0.11942920088768005 173
1750700811302 0.10304071009159088 174
1750700811305 0.11824499070644379 175
1750700811310 0.10915499925613403 176
1750700811313 0.15093855559825897 177
1750700811316 0.1125694215297699 178
1750700811319 0.1109495609998703 179
1750700811327 0.12750335037708282 180
1750700811331 0.1421767771244049 181
1750700811334 0.11628333479166031 182
1750700811338 0.07937983423471451 183
1750700811342 0.13887351751327515 184
1750700811346 0.04016833007335663 185
1750700811349 0.1285296082496643 186
1750700811351 0.122068852186203 187
1750700811355 0.12289097905158997 188
1750700811360 0.1559673398733139 189
1750700811363 0.12256799638271332 190
1750700811366 0.12167057394981384 191
1750700811369 0.09095937013626099 192
1750700811373 0.14485494792461395 193
1750700811378 0.07339705526828766 194
1750700811383 0.12637868523597717 195
1750700811386 0.11853446811437607 196
1750700811390 0.0407337062060833 197
1750700811394 0.11996223032474518 198
1750700811397 0.13594643771648407 199
1750700811401 0.05250038951635361 200
1750700811404 0.09988398104906082 201
1750700811410 0.1540079265832901 202
1750700811413 0.09708508104085922 203
1750700811416 0.036472760140895844 204
1750700811420 0.12513883411884308 205
1750700811423 0.12313386797904968 206
1750700811427 0.14717203378677368 207
1750700811431 0.07137304544448853 208
1750700811434 0.11004196852445602 209
1750700811438 0.09973657876253128 210
1750700811441 0.05671175196766853 211
1750700811445 0.12484657764434814 212
1750700811448 0.1408977061510086 213
1750700811451 0.04395323991775513 214
1750700811455 0.14097315073013306 215
1750700811459 0.08789588510990143 216
1750700811463 0.13306072354316711 217
1750700811465 0.11287984251976013 218
1750700811469 0.1170520931482315 219
1750700811473 0.14449289441108704 220
1750700811477 0.13423623144626617 221
1750700811481 0.054817792028188705 222
1750700811484 0.11249427497386932 223
1750700811487 0.12707725167274475 224
1750700811491 0.1450258046388626 225
1750700811495 0.1340664178133011 226
1750700811499 0.1331881880760193 227
1750700811503 0.1584300845861435 228
1750700811506 0.088594451546669 229
1750700811510 0.14407002925872803 230
1750700811513 0.11453989148139954 231
1750700811516 0.12810251116752625 232
1750700811520 0.15430717170238495 233
1750700811523 0.11615824699401855 234
1750700811527 0.10063447803258896 235
1750700811531 0.1160440668463707 236
1750700811534 0.16767321527004242 237
1750700811538 0.14731977880001068 238
1750700811542 0.173985555768013 239
1750700811546 0.11872010678052902 240
1750700811549 0.08905061334371567 241
1750700811552 0.11927530169487 242
1750700811556 0.05149606242775917 243
1750700811563 0.11506009846925735 244
1750700811568 0.16404148936271667 245
1750700811573 0.12282809615135193 246
1750700811578 0.11483921110630035 247
1750700811584 0.13898147642612457 248
1750700811590 0.123049795627594 249
1750700811595 0.11671997606754303 250
1750700811600 0.0394408144056797 251
1750700811604 0.14494460821151733 252
1750700811610 0.16218605637550354 253
1750700811616 0.15247148275375366 254
1750700811620 0.11940168589353561 255
1750700811625 0.13666589558124542 256
1750700811630 0.09009236842393875 257
1750700811635 0.17714600265026093 258
1750700811640 0.06702221184968948 259
1750700811646 0.12524016201496124 260
1750700811652 0.15141400694847107 261
1750700811657 0.16293302178382874 262
1750700811662 0.09008599817752838 263
1750700811667 0.116373710334301 264
1750700811672 0.07938412576913834 265
1750700811676 0.13395465910434723 266
