1750700811680 0.8558601140975952 0
1750700811683 0.594153642654419 1
1750700811688 0.5297390818595886 2
1750700811692 0.47824347019195557 3
1750700811696 0.4395723044872284 4
1750700811700 0.4108284115791321 5
1750700811703 0.3873630166053772 6
1750700811705 0.3734349310398102 7
1750700811710 0.3638310432434082 8
1750700811713 0.3553493320941925 9
1750700811717 0.3478912115097046 10
1750700811720 0.3533795177936554 11
1750700811724 0.3388861119747162 12
1750700811727 0.3333030641078949 13
1750700811731 0.339930921792984 14
1750700811735 0.32198023796081543 15
1750700811738 0.3220321536064148 16
1750700811742 0.314940482378006 17
1750700811745 0.3203166723251343 18
1750700811749 0.3084445595741272 19
1750700811752 0.3112758994102478 20
1750700811755 0.3168211579322815 21
1750700811759 0.3009512424468994 22
1750700811763 0.31270721554756165 23
1750700811766 0.31728696823120117 24
1750700811771 0.30713188648223877 25
1750700811776 0.3031809628009796 26
1750700811780 0.29593774676322937 27
1750700811783 0.29369840025901794 28
1750700811787 0.29098403453826904 29
1750700811791 0.2856309115886688 30
1750700811795 0.2896425426006317 31
1750700811798 0.29830533266067505 32
1750700811801 0.2780906558036804 33
1750700811805 0.28228679299354553 34
1750700811808 0.2854236364364624 35
1750700811813 0.2836577296257019 36
1750700811816 0.29757019877433777 37
1750700811819 0.2897234261035919 38
1750700811822 0.280161052942276 39
1750700811826 0.28524401783943176 40
1750700811830 0.2755644917488098 41
1750700811833 0.27444005012512207 42
1750700811837 0.27008065581321716 43
1750700811842 0.2669326961040497 44
1750700811846 0.2625100314617157 45
1750700811849 0.2530434727668762 46
1750700811852 0.26055964827537537 47
1750700811855 0.25498706102371216 48
1750700811859 0.25860995054244995 49
1750700811863 0.2577011287212372 50
1750700811866 0.2595522403717041 51
1750700811869 0.2583963871002197 52
1750700811873 0.25590938329696655 53
1750700811878 0.2508169412612915 54
1750700811881 0.2561730146408081 55
1750700811884 0.2522903382778168 56
1750700811888 0.25082433223724365 57
1750700811892 0.24887628853321075 58
1750700811895 0.25029507279396057 59
1750700811899 0.24374587833881378 60
1750700811902 0.24983468651771545 61
1750700811905 0.24703186750411987 62
1750700811909 0.25087007880210876 63
1750700811912 0.25100943446159363 64
1750700811916 0.2486276924610138 65
1750700811920 0.2489810585975647 66
1750700811923 0.24857284128665924 67
1750700811927 0.24419577419757843 68
1750700811930 0.24825182557106018 69
1750700811934 0.24448859691619873 70
1750700811937 0.2499770224094391 71
1750700811940 0.2426498979330063 72
1750700811945 0.24892069399356842 73
1750700811948 0.245046928524971 74
1750700811951 0.2510524392127991 75
1750700811955 0.24598339200019836 76
1750700811958 0.25107795000076294 77
1750700811963 0.24890853464603424 78
1750700811966 0.24234206974506378 79
1750700811969 0.2438274472951889 80
1750700811973 0.2501806914806366 81
1750700811977 0.24959497153759003 82
1750700811980 0.24311721324920654 83
1750700811984 0.2497209906578064 84
1750700811987 0.24600864946842194 85
1750700811991 0.24915005266666412 86
1750700811994 0.23785531520843506 87
1750700811998 0.24836570024490356 88
1750700812002 0.2434864491224289 89
1750700812005 0.24508607387542725 90
1750700812009 0.24758782982826233 91
1750700812013 0.2426125556230545 92
1750700812017 0.24237671494483948 93
1750700812020 0.24367104470729828 94
1750700812023 0.2445087730884552 95
1750700812027 0.24447935819625854 96
1750700812031 0.2439498007297516 97
1750700812034 0.24624091386795044 98
1750700812037 0.24856118857860565 99
1750700812042 0.23994180560112 100
1750700812045 0.23990768194198608 101
1750700812048 0.24237070977687836 102
1750700812052 0.2467469424009323 103
1750700812055 0.24560537934303284 104
1750700812059 0.2394564300775528 105
1750700812063 0.24346263706684113 106
1750700812066 0.24291794002056122 107
1750700812070 0.2511025667190552 108
1750700812073 0.24454514682292938 109
1750700812077 0.2403469681739807 110
1750700812081 0.24105270206928253 111
1750700812084 0.24586069583892822 112
1750700812087 0.24080708622932434 113
1750700812090 0.240452840924263 114
1750700812094 0.24829475581645966 115
1750700812098 0.24328061938285828 116
1750700812102 0.25000452995300293 117
1750700812105 0.2427835613489151 118
1750700812111 0.24191847443580627 119
1750700812116 0.24017730355262756 120
1750700812119 0.24655292928218842 121
1750700812123 0.24399110674858093 122
1750700812127 0.2453954666852951 123
1750700812130 0.2379612922668457 124
1750700812134 0.24148108065128326 125
1750700812137 0.24414202570915222 126
1750700812141 0.2433607280254364 127
1750700812144 0.24461762607097626 128
1750700812148 0.24579152464866638 129
1750700812151 0.24290460348129272 130
1750700812157 0.24955995380878448 131
1750700812161 0.24032823741436005 132
1750700812165 0.24136777222156525 133
1750700812168 0.24497045576572418 134
1750700812172 0.24583075940608978 135
1750700812175 0.24219690263271332 136
1750700812179 0.24398554861545563 137
1750700812182 0.2431817501783371 138
1750700812186 0.24888832867145538 139
1750700812189 0.2452206015586853 140
1750700812193 0.24315041303634644 141
1750700812197 0.23776602745056152 142
1750700812200 0.24319259822368622 143
1750700812204 0.2423512041568756 144
1750700812207 0.24236555397510529 145
1750700812211 0.23941044509410858 146
1750700812214 0.24445436894893646 147
1750700812218 0.24771158397197723 148
1750700812221 0.24549613893032074 149
1750700812224 0.24429747462272644 150
1750700812228 0.24664326012134552 151
1750700812232 0.24339868128299713 152
1750700812236 0.24864168465137482 153
1750700812239 0.2449086755514145 154
1750700812244 0.24712134897708893 155
1750700812247 0.24541716277599335 156
1750700812250 0.24552606046199799 157
1750700812254 0.24297145009040833 158
1750700812257 0.2434675246477127 159
1750700812261 0.24147415161132812 160
1750700812265 0.24095353484153748 161
1750700812268 0.2421233206987381 162
1750700812271 0.24821719527244568 163
1750700812275 0.24069634079933167 164
1750700812279 0.24534834921360016 165
1750700812282 0.24923723936080933 166
1750700812286 0.2443808913230896 167
1750700812289 0.24446222186088562 168
1750700812293 0.24424445629119873 169
1750700812297 0.24564257264137268 170
1750700812300 0.24992118775844574 171
1750700812303 0.2472970336675644 172
1750700812307 0.2376789152622223 173
1750700812310 0.2434847056865692 174
1750700812314 0.24553455412387848 175
1750700812317 0.24205395579338074 176
1750700812321 0.24261222779750824 177
1750700812324 0.2432364523410797 178
1750700812329 0.24227038025856018 179
1750700812333 0.24518917500972748 180
1750700812337 0.2439059019088745 181
1750700812341 0.2436850666999817 182
1750700812345 0.24840545654296875 183
1750700812348 0.24157892167568207 184
1750700812352 0.24883155524730682 185
1750700812355 0.24035446345806122 186
1750700812359 0.24231652915477753 187
1750700812363 0.24158771336078644 188
1750700812366 0.24282754957675934 189
1750700812370 0.24352039396762848 190
1750700812372 0.24421007931232452 191
1750700812378 0.24492405354976654 192
1750700812381 0.24483707547187805 193
1750700812385 0.24993158876895905 194
1750700812388 0.24553723633289337 195
1750700812393 0.24473735690116882 196
1750700812396 0.24492020905017853 197
1750700812399 0.24437229335308075 198
1750700812403 0.24441125988960266 199
1750700812406 0.24274151027202606 200
1750700812410 0.24945393204689026 201
1750700812413 0.2436765879392624 202
1750700812416 0.24645869433879852 203
1750700812420 0.25079062581062317 204
1750700812423 0.24386446177959442 205
1750700812427 0.24105606973171234 206
1750700812432 0.23929759860038757 207
1750700812436 0.24410459399223328 208
1750700812439 0.24156007170677185 209
1750700812443 0.2473805695772171 210
1750700812447 0.24839146435260773 211
1750700812450 0.24482817947864532 212
1750700812453 0.24668775498867035 213
1750700812456 0.2471495121717453 214
1750700812460 0.24066254496574402 215
1750700812464 0.2481275498867035 216
1750700812468 0.24455036222934723 217
1750700812471 0.24790944159030914 218
1750700812475 0.24379165470600128 219
1750700812478 0.24063389003276825 220
1750700812482 0.24130381643772125 221
1750700812485 0.24697837233543396 222
1750700812488 0.2418082058429718 223
1750700812492 0.24382109940052032 224
1750700812496 0.24431292712688446 225
1750700812500 0.2433733195066452 226
1750700812503 0.24165576696395874 227
1750700812506 0.2421254813671112 228
1750700812510 0.24797233939170837 229
1750700812514 0.24230392277240753 230
1750700812517 0.24217896163463593 231
1750700812520 0.24211809039115906 232
1750700812524 0.2423664778470993 233
1750700812528 0.24457043409347534 234
1750700812531 0.2439347207546234 235
1750700812535 0.24673962593078613 236
1750700812538 0.2409682273864746 237
1750700812542 0.24145279824733734 238
1750700812547 0.23909352719783783 239
1750700812551 0.24392928183078766 240
1750700812554 0.2456720918416977 241
1750700812558 0.24265900254249573 242
1750700812562 0.24974265694618225 243
1750700812565 0.24347442388534546 244
1750700812568 0.24545690417289734 245
1750700812571 0.24090057611465454 246
1750700812576 0.24096769094467163 247
1750700812579 0.2454160898923874 248
1750700812582 0.24211238324642181 249
1750700812586 0.24057315289974213 250
1750700812588 0.24935472011566162 251
1750700812593 0.24173277616500854 252
1750700812597 0.24187569320201874 253
1750700812600 0.2443041354417801 254
1750700812603 0.24589531123638153 255
1750700812608 0.24383190274238586 256
1750700812612 0.2457633912563324 257
1750700812615 0.24269887804985046 258
1750700812619 0.2494581937789917 259
1750700812622 0.24282702803611755 260
1750700812625 0.23995360732078552 261
1750700812629 0.2428196519613266 262
1750700812632 0.2464693784713745 263
1750700812636 0.24381069839000702 264
1750700812639 0.24701347947120667 265
1750700812643 0.24590766429901123 266
