1750700812648 133.81004333496094 0
1750700812652 127.34762573242188 1
1750700812656 114.41699981689453 2
1750700812659 102.5503158569336 3
1750700812663 94.052490234375 4
1750700812667 89.20699310302734 5
1750700812670 84.62327575683594 6
1750700812674 82.73526763916016 7
1750700812678 80.04975891113281 8
1750700812681 78.44903564453125 9
1750700812685 75.34927368164062 10
1750700812688 76.64562225341797 11
1750700812691 73.04180908203125 12
1750700812696 71.67576599121094 13
1750700812699 72.87775421142578 14
1750700812702 66.89448547363281 15
1750700812705 69.5516357421875 16
1750700812710 67.14550018310547 17
1750700812713 67.89651489257812 18
1750700812717 64.43855285644531 19
1750700812720 65.70638275146484 20
1750700812724 67.52690124511719 21
1750700812728 61.93131637573242 22
1750700812731 63.79255294799805 23
1750700812734 64.16007995605469 24
1750700812738 62.921146392822266 25
1750700812741 60.69841003417969 26
1750700812746 61.532596588134766 27
1750700812749 60.332340240478516 28
1750700812752 59.964595794677734 29
1750700812756 59.05942916870117 30
1750700812759 62.80035400390625 31
1750700812763 60.13521194458008 32
1750700812767 58.3505859375 33
1750700812771 60.936553955078125 34
1750700812775 59.94768142700195 35
1750700812779 56.79195022583008 36
1750700812783 63.39482498168945 37
1750700812786 64.85478973388672 38
1750700812789 58.15824508666992 39
1750700812793 59.1618537902832 40
1750700812797 56.873207092285156 41
1750700812800 55.13459396362305 42
1750700812803 56.349021911621094 43
1750700812807 54.58415222167969 44
1750700812810 54.103790283203125 45
1750700812814 51.547481536865234 46
1750700812817 52.588096618652344 47
1750700812821 50.95237350463867 48
1750700812825 52.557281494140625 49
1750700812829 53.29579544067383 50
1750700812832 54.557498931884766 51
1750700812835 53.81703186035156 52
1750700812838 51.5870246887207 53
1750700812842 50.91429901123047 54
1750700812846 52.34050750732422 55
1750700812849 50.60793685913086 56
1750700812853 51.65369415283203 57
1750700812856 50.98189163208008 58
1750700812861 51.17221450805664 59
1750700812865 50.58845520019531 60
1750700812869 49.95408248901367 61
1750700812873 51.12538146972656 62
1750700812877 51.38340377807617 63
1750700812880 51.38135528564453 64
1750700812884 50.854896545410156 65
1750700812887 50.204986572265625 66
1750700812891 50.18120574951172 67
1750700812894 49.643550872802734 68
1750700812898 50.65153884887695 69
1750700812901 49.801177978515625 70
1750700812904 50.26980209350586 71
1750700812908 48.87738037109375 72
1750700812912 49.99561309814453 73
1750700812915 49.769927978515625 74
1750700812919 51.09162902832031 75
1750700812922 49.15255355834961 76
1750700812927 50.60500717163086 77
1750700812931 50.252479553222656 78
1750700812935 49.88148880004883 79
1750700812938 49.52389144897461 80
1750700812941 50.64353942871094 81
1750700812945 50.240394592285156 82
1750700812949 49.44890594482422 83
1750700812952 50.10459899902344 84
1750700812955 49.390079498291016 85
1750700812959 50.17233657836914 86
1750700812964 48.549278259277344 87
1750700812967 50.88519287109375 88
1750700812971 50.64326477050781 89
1750700812974 50.004634857177734 90
1750700812979 49.50072479248047 91
1750700812983 50.0620002746582 92
1750700812987 49.95347595214844 93
1750700812990 50.096195220947266 94
1750700812994 49.15574645996094 95
1750700812998 49.954917907714844 96
1750700813001 49.078250885009766 97
1750700813004 49.9996337890625 98
1750700813007 49.35703659057617 99
1750700813011 48.69890594482422 100
1750700813015 49.277427673339844 101
1750700813018 49.13416290283203 102
1750700813021 48.930641174316406 103
1750700813026 49.7031364440918 104
1750700813029 48.16089630126953 105
1750700813032 49.18627166748047 106
1750700813036 48.53160095214844 107
1750700813038 50.42899703979492 108
1750700813043 50.812931060791016 109
1750700813046 48.998992919921875 110
1750700813050 48.7069206237793 111
1750700813053 49.88667678833008 112
1750700813056 49.201663970947266 113
1750700813060 49.39479446411133 114
1750700813064 50.055213928222656 115
1750700813068 49.44132995605469 116
1750700813071 49.95475769042969 117
1750700813074 49.17804718017578 118
1750700813079 49.467533111572266 119
1750700813084 49.13548278808594 120
1750700813087 50.729827880859375 121
1750700813092 50.73983383178711 122
1750700813095 49.978214263916016 123
1750700813099 49.6176643371582 124
1750700813102 49.09224319458008 125
1750700813105 50.14160919189453 126
1750700813110 49.5713005065918 127
1750700813114 49.48275375366211 128
1750700813117 49.813899993896484 129
1750700813120 49.58119201660156 130
1750700813125 50.9654655456543 131
1750700813128 49.24613952636719 132
1750700813132 48.91594314575195 133
1750700813135 50.305721282958984 134
1750700813138 49.94523239135742 135
1750700813143 49.0361213684082 136
1750700813146 50.126930236816406 137
1750700813149 49.159820556640625 138
1750700813153 49.6503791809082 139
1750700813156 49.84543228149414 140
1750700813160 49.702171325683594 141
1750700813164 48.52475357055664 142
1750700813167 48.675758361816406 143
1750700813170 49.51694107055664 144
1750700813175 49.169376373291016 145
1750700813178 48.81535339355469 146
1750700813182 50.030399322509766 147
1750700813185 50.33722686767578 148
1750700813188 50.55681610107422 149
1750700813192 49.52175521850586 150
1750700813197 49.01899337768555 151
1750700813200 49.227622985839844 152
1750700813204 49.452293395996094 153
1750700813207 50.325233459472656 154
1750700813211 50.002933502197266 155
1750700813214 49.9022102355957 156
1750700813218 49.02935791015625 157
1750700813221 49.767608642578125 158
1750700813224 49.83635711669922 159
1750700813228 49.955039978027344 160
1750700813232 49.01145553588867 161
1750700813235 48.86690139770508 162
1750700813238 50.39256286621094 163
1750700813243 48.56840896606445 164
1750700813246 48.862518310546875 165
1750700813249 50.75013732910156 166
1750700813252 49.82666778564453 167
1750700813255 49.707122802734375 168
1750700813259 48.931297302246094 169
1750700813263 49.218143463134766 170
1750700813266 50.955055236816406 171
1750700813270 50.390411376953125 172
1750700813275 48.27262496948242 173
1750700813279 49.55731201171875 174
1750700813283 49.86225509643555 175
1750700813286 48.800777435302734 176
1750700813290 49.91404724121094 177
1750700813294 49.277732849121094 178
1750700813298 49.6832275390625 179
1750700813302 50.318546295166016 180
1750700813305 49.13091278076172 181
1750700813309 48.802085876464844 182
1750700813313 50.51315689086914 183
1750700813316 49.09608840942383 184
1750700813320 50.36713409423828 185
1750700813323 48.625335693359375 186
1750700813333 49.072845458984375 187
1750700813339 49.582000732421875 188
1750700813345 49.54332733154297 189
1750700813349 49.71139144897461 190
1750700813352 49.96983337402344 191
1750700813355 50.56040573120117 192
1750700813359 49.495296478271484 193
1750700813363 50.56706237792969 194
1750700813367 49.78189468383789 195
1750700813370 49.47517776489258 196
1750700813375 49.976009368896484 197
1750700813382 50.096412658691406 198
1750700813388 49.41481018066406 199
1750700813395 49.354000091552734 200
1750700813399 49.87495803833008 201
1750700813404 50.37129211425781 202
1750700813408 49.445980072021484 203
1750700813411 49.85699462890625 204
1750700813414 49.797271728515625 205
1750700813418 49.1715202331543 206
1750700813421 49.36624526977539 207
1750700813425 49.19255065917969 208
1750700813429 48.3990364074707 209
1750700813432 49.45134353637695 210
1750700813435 50.40804672241211 211
1750700813439 49.62543487548828 212
1750700813443 50.37223815917969 213
1750700813446 50.05101013183594 214
1750700813450 49.552513122558594 215
1750700813453 50.024044036865234 216
1750700813456 50.36668395996094 217
1750700813460 49.79423522949219 218
1750700813464 49.388938903808594 219
1750700813467 49.450923919677734 220
1750700813470 48.83182144165039 221
1750700813476 50.43825149536133 222
1750700813479 48.5269775390625 223
1750700813482 48.985050201416016 224
1750700813486 49.618526458740234 225
1750700813493 49.51652145385742 226
1750700813497 49.078487396240234 227
1750700813500 48.61958694458008 228
1750700813504 50.524105072021484 229
1750700813507 48.57931137084961 230
1750700813510 49.157920837402344 231
1750700813515 49.736053466796875 232
1750700813518 49.16230392456055 233
1750700813521 49.956478118896484 234
1750700813525 50.34296417236328 235
1750700813529 49.17757034301758 236
1750700813532 49.34635925292969 237
1750700813536 49.289676666259766 238
1750700813539 49.52198791503906 239
1750700813543 49.3702392578125 240
1750700813547 49.59941864013672 241
1750700813551 49.21719741821289 242
1750700813554 51.19245147705078 243
1750700813558 49.08019256591797 244
1750700813562 49.7381591796875 245
1750700813565 49.27678298950195 246
1750700813568 48.93528366088867 247
1750700813572 49.539310455322266 248
1750700813575 49.78335952758789 249
1750700813579 48.90203857421875 250
1750700813583 50.189903259277344 251
1750700813586 50.15716552734375 252
1750700813589 49.07465362548828 253
1750700813593 48.35551452636719 254
1750700813597 49.62284851074219 255
1750700813600 49.117347717285156 256
1750700813604 49.356754302978516 257
1750700813608 48.715057373046875 258
1750700813613 50.45827865600586 259
1750700813618 49.30782699584961 260
1750700813621 48.40348815917969 261
1750700813624 49.01044464111328 262
1750700813628 49.87389373779297 263
1750700813632 50.29914855957031 264
1750700813635 50.3973388671875 265
1750700813638 49.71855163574219 266
