1750642903116 0.0010000000474974513 0
1750642903116 0.0010000000474974513 1
1750642903116 0.0010000000474974513 2
1750642903116 0.0010000000474974513 3
1750642903132 0.0010000000474974513 4
1750642903132 0.0010000000474974513 5
1750642903132 0.0010000000474974513 6
1750642903132 0.0010000000474974513 7
1750642903132 0.0010000000474974513 8
1750642903147 0.0010000000474974513 9
1750642903147 0.0005000000237487257 10
1750642903147 0.0005000000237487257 11
1750642903147 0.0005000000237487257 12
1750642903147 0.0002500000118743628 13
1750642903147 0.0002500000118743628 14
1750642903163 0.0002500000118743628 15
1750642903163 0.0001250000059371814 16
1750642903163 0.0001250000059371814 17
1750642903163 0.0001250000059371814 18
1750642903163 6.25000029685907e-05 19
1750642903163 6.25000029685907e-05 20
1750642903180 6.25000029685907e-05 21
1750642903184 3.125000148429535e-05 22
1750642903188 3.125000148429535e-05 23
1750642903191 3.125000148429535e-05 24
1750642903194 1.5625000742147677e-05 25
1750642903196 1.5625000742147677e-05 26
1750642903199 1.5625000742147677e-05 27
1750642903204 7.812500371073838e-06 28
1750642903207 7.812500371073838e-06 29
1750642903210 7.812500371073838e-06 30
1750642903213 3.906250185536919e-06 31
1750642903215 3.906250185536919e-06 32
1750642903217 3.906250185536919e-06 33
1750642903217 1.9531250927684596e-06 34
1750642903217 1.9531250927684596e-06 35
1750642903217 1.9531250927684596e-06 36
