1750642901714 0.40514883399009705 0
1750642901718 0.37202000617980957 1
1750642901721 0.3552249073982239 2
1750642901726 0.3422190546989441 3
1750642901728 0.3357642590999603 4
1750642901731 0.32732415199279785 5
1750642901733 0.31990090012550354 6
1750642901735 0.31191179156303406 7
1750642901735 0.3035814166069031 8
1750642901735 0.2988077700138092 9
1750642901735 0.2886081039905548 10
1750642901735 0.28216972947120667 11
1750642901735 0.27149736881256104 12
1750642901751 0.26394954323768616 13
1750642901751 0.2580873370170593 14
1750642901751 0.2544509768486023 15
1750642901751 0.24874135851860046 16
1750642901751 0.24792233109474182 17
1750642901751 0.245117649435997 18
1750642901766 0.24269160628318787 19
1750642901766 0.24154643714427948 20
1750642901766 0.24116834998130798 21
1750642901766 0.24062417447566986 22
1750642901766 0.2385047972202301 23
1750642901766 0.24040402472019196 24
1750642901782 0.23894669115543365 25
1750642901782 0.23766829073429108 26
1750642901782 0.23754838109016418 27
1750642901782 0.2379688173532486 28
1750642901782 0.23693431913852692 29
1750642901782 0.2370169460773468 30
1750642901797 0.23781682550907135 31
1750642901797 0.23680147528648376 32
1750642901797 0.23614121973514557 33
1750642901797 0.23606081306934357 34
1750642901797 0.2348269671201706 35
1750642901797 0.2380845993757248 36
