1750642901797 0.70909583568573 0
1750642901813 0.6702235341072083 1
1750642901813 0.65045565366745 2
1750642901813 0.6343998908996582 3
1750642901813 0.6268778443336487 4
1750642901813 0.6174781322479248 5
1750642901813 0.6089022755622864 6
1750642901829 0.5981202721595764 7
1750642901829 0.5876336097717285 8
1750642901829 0.5809123516082764 9
1750642901829 0.5677230358123779 10
1750642901829 0.5582578778266907 11
1750642901829 0.5432342886924744 12
1750642901844 0.5329152345657349 13
1750642901844 0.5233944654464722 14
1750642901844 0.5183715224266052 15
1750642901844 0.5117717385292053 16
1750642901844 0.508706271648407 17
1750642901860 0.5048218369483948 18
1750642901860 0.5030097365379333 19
1750642901860 0.501262903213501 20
1750642901860 0.5000866651535034 21
1750642901860 0.4997541010379791 22
1750642901860 0.49589553475379944 23
1750642901876 0.4996679723262787 24
1750642901876 0.49706193804740906 25
1750642901876 0.4944096803665161 26
1750642901876 0.4946700632572174 27
1750642901876 0.4941016733646393 28
1750642901876 0.49557289481163025 29
1750642901891 0.49410954117774963 30
1750642901891 0.4954477846622467 31
1750642901891 0.4946295917034149 32
1750642901891 0.4935106337070465 33
1750642901891 0.4931333363056183 34
1750642901891 0.49038785696029663 35
1750642901907 0.49490028619766235 36
