1750642901907 1.09378981590271 0
1750642901907 1.0121583938598633 1
1750642901907 0.9728070497512817 2
1750642901907 0.9424880146980286 3
1750642901907 0.9272390604019165 4
1750642901922 0.9000717401504517 5
1750642901922 0.8795875310897827 6
1750642901922 0.8527966141700745 7
1750642901922 0.8276867270469666 8
1750642901922 0.8070023655891418 9
1750642901922 0.7740286588668823 10
1750642901922 0.7585521340370178 11
1750642901938 0.7239803075790405 12
1750642901938 0.701144278049469 13
1750642901938 0.6865530610084534 14
1750642901938 0.6740190982818604 15
1750642901938 0.6543675065040588 16
1750642901938 0.6534403562545776 17
1750642901954 0.6417564749717712 18
1750642901954 0.6305451393127441 19
1750642901954 0.632796049118042 20
1750642901954 0.6277835369110107 21
1750642901954 0.6232520937919617 22
1750642901954 0.6189741492271423 23
1750642901969 0.6244968771934509 24
1750642901969 0.6216649413108826 25
1750642901969 0.6202549934387207 26
1750642901969 0.6170754432678223 27
1750642901969 0.617195725440979 28
1750642901969 0.6145853400230408 29
1750642901985 0.6206170916557312 30
1750642901985 0.6178790330886841 31
1750642901985 0.6133673787117004 32
1750642901985 0.6120984554290771 33
1750642901985 0.6162457466125488 34
1750642901985 0.6105411648750305 35
1750642902001 0.6199163198471069 36
