1750642902001 -0.026221847161650658 0
1750642902001 0.06797057390213013 1
1750642902001 0.1068846732378006 2
1750642902001 0.1461515575647354 3
1750642902001 0.15632465481758118 4
1750642902017 0.17825837433338165 5
1750642902017 0.19666679203510284 6
1750642902017 0.21447932720184326 7
1750642902027 0.2446538805961609 8
1750642902030 0.25404924154281616 9
1750642902032 0.27713239192962646 10
1750642902034 0.29483485221862793 11
1750642902034 0.3328403830528259 12
1750642902034 0.3525296449661255 13
1750642902034 0.3732396960258484 14
1750642902034 0.3789048492908478 15
1750642902050 0.39590948820114136 16
1750642902050 0.39510488510131836 17
1750642902050 0.40443792939186096 18
1750642902050 0.4153732359409332 19
1750642902050 0.4127982258796692 20
1750642902050 0.4177763760089874 21
1750642902050 0.41865700483322144 22
1750642902066 0.42615213990211487 23
1750642902066 0.4213467538356781 24
1750642902066 0.42243948578834534 25
1750642902066 0.4263165593147278 26
1750642902066 0.4223293960094452 27
1750642902066 0.4288893938064575 28
1750642902081 0.42746198177337646 29
1750642902081 0.4303649961948395 30
1750642902081 0.43007686734199524 31
1750642902081 0.4257597029209137 32
1750642902081 0.4338840842247009 33
1750642902081 0.422931969165802 34
1750642902097 0.431840717792511 35
1750642902097 0.4273870289325714 36
