1750642902097 0.9675729274749756 0
1750642902097 0.9266284108161926 1
1750642902097 0.9074819684028625 2
1750642902097 0.8898635506629944 3
1750642902112 0.8829835057258606 4
1750642902112 0.8707121014595032 5
1750642902112 0.8601404428482056 6
1750642902112 0.8486520051956177 7
1750642902112 0.8334488272666931 8
1750642902112 0.8258212208747864 9
1750642902128 0.8106358051300049 10
1750642902128 0.7999829649925232 11
1750642902143 0.7808331847190857 12
1750642902156 0.7675642371177673 13
1750642902157 0.7574294209480286 14
1750642902168 0.751703143119812 15
1750642902168 0.7410674095153809 16
1750642902168 0.7417482733726501 17
1750642902168 0.7351235151290894 18
1750642902168 0.7283644676208496 19
1750642902187 0.7296443581581116 20
1750642902190 0.7270861864089966 21
1750642902190 0.7247241735458374 22
1750642902190 0.721953809261322 23
1750642902201 0.7246232032775879 24
1750642902201 0.7236990928649902 25
1750642902201 0.7223764657974243 26
1750642902201 0.7213006019592285 27
1750642902201 0.7193156480789185 28
1750642902218 0.7189810276031494 29
1750642902218 0.7203415632247925 30
1750642902218 0.7194418907165527 31
1750642902218 0.7206908464431763 32
1750642902218 0.717239260673523 33
1750642902218 0.7209004759788513 34
1750642902235 0.7170217633247375 35
1750642902235 0.7210299372673035 36
