1750642902235 161.99607849121094 0
1750642902235 144.20059204101562 1
1750642902235 136.66265869140625 2
1750642902251 132.65850830078125 3
1750642902251 131.25827026367188 4
1750642902251 128.78944396972656 5
1750642902251 125.9359359741211 6
1750642902251 124.08333587646484 7
1750642902268 122.6741943359375 8
1750642902268 120.95764923095703 9
1750642902268 119.23409271240234 10
1750642902268 117.08157348632812 11
1750642902285 114.05742645263672 12
1750642902285 112.5196304321289 13
1750642902285 110.36443328857422 14
1750642902285 109.20156860351562 15
1750642902285 108.6759033203125 16
1750642902301 107.40262603759766 17
1750642902301 106.72785949707031 18
1750642902301 106.68986511230469 19
1750642902301 106.23639678955078 20
1750642902318 105.86849212646484 21
1750642902318 105.86125946044922 22
1750642902318 105.22482299804688 23
1750642902318 106.06037139892578 24
1750642902334 105.20454406738281 25
1750642902335 104.89610290527344 26
1750642902335 104.99491119384766 27
1750642902335 104.6480712890625 28
1750642902335 105.46582794189453 29
1750642902351 104.79263305664062 30
1750642902351 105.02523040771484 31
1750642902351 104.96783447265625 32
1750642902351 104.64678955078125 33
1750642902351 104.87890625 34
1750642902351 104.34738159179688 35
1750642902368 104.54508209228516 36
