1750690796398 0.0010000000474974513 0
1750690796402 0.0010000000474974513 1
1750690796406 0.0010000000474974513 2
1750690796411 0.0010000000474974513 3
1750690796414 0.0010000000474974513 4
1750690796416 0.0010000000474974513 5
1750690796419 0.0010000000474974513 6
1750690796422 0.0010000000474974513 7
1750690796427 0.0010000000474974513 8
1750690796430 0.0010000000474974513 9
1750690796432 0.0010000000474974513 10
1750690796436 0.0010000000474974513 11
1750690796440 0.0010000000474974513 12
1750690796444 0.0010000000474974513 13
1750690796448 0.0010000000474974513 14
1750690796450 0.0010000000474974513 15
1750690796450 0.0010000000474974513 16
1750690796450 0.0010000000474974513 17
1750690796464 0.0010000000474974513 18
1750690796468 0.0010000000474974513 19
1750690796472 0.0010000000474974513 20
1750690796477 0.0010000000474974513 21
1750690796481 0.0010000000474974513 22
1750690796483 0.0010000000474974513 23
1750690796486 0.0010000000474974513 24
1750690796489 0.0010000000474974513 25
1750690796493 0.0010000000474974513 26
1750690796497 0.0010000000474974513 27
1750690796500 0.0010000000474974513 28
1750690796504 0.0010000000474974513 29
1750690796508 0.0010000000474974513 30
1750690796513 0.0010000000474974513 31
1750690796516 0.0005000000237487257 32
1750690796520 0.0005000000237487257 33
1750690796528 0.0005000000237487257 34
1750690796528 0.0005000000237487257 35
1750690796528 0.0005000000237487257 36
1750690796543 0.0005000000237487257 37
1750690796543 0.0005000000237487257 38
1750690796543 0.0005000000237487257 39
1750690796543 0.0005000000237487257 40
1750690796560 0.0005000000237487257 41
1750690796560 0.0002500000118743628 42
1750690796560 0.0002500000118743628 43
1750690796560 0.0002500000118743628 44
1750690796576 0.0002500000118743628 45
1750690796576 0.0002500000118743628 46
1750690796576 0.0002500000118743628 47
1750690796596 0.0002500000118743628 48
1750690796600 0.0002500000118743628 49
1750690796600 0.0002500000118743628 50
1750690796600 0.0002500000118743628 51
1750690796610 0.0001250000059371814 52
1750690796610 0.0001250000059371814 53
1750690796610 0.0001250000059371814 54
1750690796610 0.0001250000059371814 55
1750690796626 0.0001250000059371814 56
1750690796626 0.0001250000059371814 57
1750690796626 0.0001250000059371814 58
1750690796642 0.0001250000059371814 59
1750690796642 0.0001250000059371814 60
1750690796642 0.0001250000059371814 61
1750690796659 0.0001250000059371814 62
1750690796659 0.0001250000059371814 63
1750690796659 0.0001250000059371814 64
1750690796676 0.0001250000059371814 65
1750690796676 0.0001250000059371814 66
1750690796676 0.0001250000059371814 67
1750690796676 0.0001250000059371814 68
1750690796676 6.25000029685907e-05 69
1750690796699 6.25000029685907e-05 70
1750690796700 6.25000029685907e-05 71
1750690796700 6.25000029685907e-05 72
1750690796709 6.25000029685907e-05 73
1750690796709 6.25000029685907e-05 74
1750690796709 6.25000029685907e-05 75
1750690796726 6.25000029685907e-05 76
1750690796726 6.25000029685907e-05 77
1750690796726 6.25000029685907e-05 78
1750690796726 3.125000148429535e-05 79
1750690796743 3.125000148429535e-05 80
1750690796743 3.125000148429535e-05 81
1750690796743 3.125000148429535e-05 82
1750690796763 3.125000148429535e-05 83
1750690796765 3.125000148429535e-05 84
1750690796768 3.125000148429535e-05 85
1750690796771 3.125000148429535e-05 86
1750690796775 3.125000148429535e-05 87
1750690796781 3.125000148429535e-05 88
1750690796784 1.5625000742147677e-05 89
1750690796787 1.5625000742147677e-05 90
1750690796797 1.5625000742147677e-05 91
1750690796799 1.5625000742147677e-05 92
1750690796802 1.5625000742147677e-05 93
1750690796805 1.5625000742147677e-05 94
1750690796807 1.5625000742147677e-05 95
1750690796812 1.5625000742147677e-05 96
1750690796815 1.5625000742147677e-05 97
1750690796818 1.5625000742147677e-05 98
1750690796821 7.812500371073838e-06 99
1750690796823 7.812500371073838e-06 100
1750690796825 7.812500371073838e-06 101
1750690796825 7.812500371073838e-06 102
1750690796825 7.812500371073838e-06 103
1750690796825 7.812500371073838e-06 104
1750690796825 7.812500371073838e-06 105
1750690796825 7.812500371073838e-06 106
1750690796846 7.812500371073838e-06 107
1750690796848 7.812500371073838e-06 108
1750690796851 3.906250185536919e-06 109
1750690796853 3.906250185536919e-06 110
1750690796856 3.906250185536919e-06 111
1750690796859 3.906250185536919e-06 112
1750690796862 3.906250185536919e-06 113
1750690796865 3.906250185536919e-06 114
1750690796867 3.906250185536919e-06 115
1750690796870 3.906250185536919e-06 116
1750690796872 3.906250185536919e-06 117
1750690796875 3.906250185536919e-06 118
1750690796875 1.9531250927684596e-06 119
1750690796875 1.9531250927684596e-06 120
1750690796875 1.9531250927684596e-06 121
1750690796875 1.9531250927684596e-06 122
1750690796875 1.9531250927684596e-06 123
1750690796891 1.9531250927684596e-06 124
1750690796891 1.9531250927684596e-06 125
1750690796901 1.9531250927684596e-06 126
1750690796905 1.9531250927684596e-06 127
1750690796908 1.9531250927684596e-06 128
1750690796914 9.999999974752427e-07 129
1750690796916 9.999999974752427e-07 130
1750690796919 9.999999974752427e-07 131
1750690796922 9.999999974752427e-07 132
1750690796924 9.999999974752427e-07 133
1750690796928 9.999999974752427e-07 134
1750690796928 9.999999974752427e-07 135
1750690796928 9.999999974752427e-07 136
1750690796928 9.999999974752427e-07 137
1750690796928 9.999999974752427e-07 138
1750690796943 9.999999974752427e-07 139
1750690796943 9.999999974752427e-07 140
1750690796943 9.999999974752427e-07 141
1750690796943 9.999999974752427e-07 142
1750690796943 9.999999974752427e-07 143
1750690796959 9.999999974752427e-07 144
1750690796959 9.999999974752427e-07 145
1750690796976 9.999999974752427e-07 146
1750690796976 9.999999974752427e-07 147
1750690796993 9.999999974752427e-07 148
1750690796993 9.999999974752427e-07 149
1750690796993 9.999999974752427e-07 150
1750690797014 9.999999974752427e-07 151
1750690797017 9.999999974752427e-07 152
1750690797024 9.999999974752427e-07 153
1750690797032 9.999999974752427e-07 154
1750690797038 9.999999974752427e-07 155
1750690797045 9.999999974752427e-07 156
1750690797052 9.999999974752427e-07 157
1750690797057 9.999999974752427e-07 158
1750690797066 9.999999974752427e-07 159
1750690797071 9.999999974752427e-07 160
1750690797077 9.999999974752427e-07 161
1750690797085 9.999999974752427e-07 162
1750690797090 9.999999974752427e-07 163
1750690797093 9.999999974752427e-07 164
1750690797093 9.999999974752427e-07 165
1750690797093 9.999999974752427e-07 166
1750690797093 9.999999974752427e-07 167
1750690797111 9.999999974752427e-07 168
1750690797111 9.999999974752427e-07 169
1750690797111 9.999999974752427e-07 170
1750690797130 9.999999974752427e-07 171
1750690797132 9.999999974752427e-07 172
1750690797132 9.999999974752427e-07 173
1750690797144 9.999999974752427e-07 174
1750690797146 9.999999974752427e-07 175
1750690797146 9.999999974752427e-07 176
1750690797146 9.999999974752427e-07 177
1750690797146 9.999999974752427e-07 178
1750690797161 9.999999974752427e-07 179
1750690797165 9.999999974752427e-07 180
1750690797168 9.999999974752427e-07 181
1750690797171 9.999999974752427e-07 182
1750690797174 9.999999974752427e-07 183
1750690797179 9.999999974752427e-07 184
1750690797182 9.999999974752427e-07 185
1750690797185 9.999999974752427e-07 186
1750690797188 9.999999974752427e-07 187
1750690797194 9.999999974752427e-07 188
1750690797198 9.999999974752427e-07 189
1750690797201 9.999999974752427e-07 190
1750690797204 9.999999974752427e-07 191
1750690797207 9.999999974752427e-07 192
1750690797211 9.999999974752427e-07 193
1750690797214 9.999999974752427e-07 194
1750690797217 9.999999974752427e-07 195
1750690797221 9.999999974752427e-07 196
1750690797226 9.999999974752427e-07 197
1750690797230 9.999999974752427e-07 198
1750690797230 9.999999974752427e-07 199
1750690797230 9.999999974752427e-07 200
1750690797247 9.999999974752427e-07 201
1750690797251 9.999999974752427e-07 202
1750690797254 9.999999974752427e-07 203
1750690797259 9.999999974752427e-07 204
1750690797262 9.999999974752427e-07 205
1750690797265 9.999999974752427e-07 206
1750690797268 9.999999974752427e-07 207
1750690797271 9.999999974752427e-07 208
1750690797273 9.999999974752427e-07 209
1750690797277 9.999999974752427e-07 210
1750690797281 9.999999974752427e-07 211
1750690797284 9.999999974752427e-07 212
1750690797288 9.999999974752427e-07 213
1750690797292 9.999999974752427e-07 214
1750690797292 9.999999974752427e-07 215
1750690797292 9.999999974752427e-07 216
1750690797292 9.999999974752427e-07 217
1750690797312 9.999999974752427e-07 218
1750690797315 9.999999974752427e-07 219
1750690797319 9.999999974752427e-07 220
1750690797323 9.999999974752427e-07 221
1750690797329 9.999999974752427e-07 222
1750690797332 9.999999974752427e-07 223
1750690797336 9.999999974752427e-07 224
1750690797340 9.999999974752427e-07 225
1750690797345 9.999999974752427e-07 226
1750690797348 9.999999974752427e-07 227
1750690797352 9.999999974752427e-07 228
1750690797356 9.999999974752427e-07 229
1750690797361 9.999999974752427e-07 230
1750690797361 9.999999974752427e-07 231
1750690797361 9.999999974752427e-07 232
1750690797361 9.999999974752427e-07 233
1750690797361 9.999999974752427e-07 234
1750690797380 9.999999974752427e-07 235
1750690797387 9.999999974752427e-07 236
1750690797390 9.999999974752427e-07 237
1750690797394 9.999999974752427e-07 238
1750690797398 9.999999974752427e-07 239
1750690797401 9.999999974752427e-07 240
1750690797405 9.999999974752427e-07 241
1750690797411 9.999999974752427e-07 242
1750690797413 9.999999974752427e-07 243
1750690797416 9.999999974752427e-07 244
1750690797419 9.999999974752427e-07 245
1750690797422 9.999999974752427e-07 246
1750690797426 9.999999974752427e-07 247
1750690797429 9.999999974752427e-07 248
1750690797429 9.999999974752427e-07 249
1750690797429 9.999999974752427e-07 250
1750690797429 9.999999974752427e-07 251
1750690797445 9.999999974752427e-07 252
1750690797449 9.999999974752427e-07 253
1750690797452 9.999999974752427e-07 254
1750690797455 9.999999974752427e-07 255
1750690797460 9.999999974752427e-07 256
1750690797463 9.999999974752427e-07 257
1750690797466 9.999999974752427e-07 258
1750690797469 9.999999974752427e-07 259
1750690797473 9.999999974752427e-07 260
1750690797478 9.999999974752427e-07 261
