1750690784408 0.2090388536453247 0
1750690784415 0.12366607040166855 1
1750690784419 0.09820317476987839 2
1750690784422 0.07175672799348831 3
1750690784426 0.06428027898073196 4
1750690784432 0.059476424008607864 5
1750690784435 0.055417150259017944 6
1750690784438 0.0550478920340538 7
1750690784442 0.04903177544474602 8
1750690784446 0.048450056463479996 9
1750690784450 0.04713362455368042 10
1750690784453 0.04565609619021416 11
1750690784457 0.04275178164243698 12
1750690784461 0.04356974735856056 13
1750690784466 0.05034259334206581 14
1750690784469 0.05024707689881325 15
1750690784471 0.042831070721149445 16
1750690784471 0.041981473565101624 17
1750690784471 0.04300244525074959 18
1750690784484 0.04531503841280937 19
1750690784488 0.039911895990371704 20
1750690784491 0.03893127664923668 21
1750690784494 0.03791731223464012 22
1750690784500 0.03719969093799591 23
1750690784504 0.03802376613020897 24
1750690784508 0.03341861814260483 25
1750690784512 0.03470556437969208 26
1750690784516 0.03432098403573036 27
1750690784520 0.0360107347369194 28
1750690784524 0.036447376012802124 29
1750690784528 0.03403668850660324 30
1750690784533 0.0346381813287735 31
1750690784533 0.03677345812320709 32
1750690784533 0.036039870232343674 33
1750690784549 0.03501911833882332 34
1750690784552 0.031649649143218994 35
1750690784555 0.030826609581708908 36
1750690784558 0.029656704515218735 37
1750690784561 0.030844157561659813 38
1750690784566 0.028817595914006233 39
1750690784570 0.03069404512643814 40
1750690784574 0.029323022812604904 41
1750690784578 0.02872822992503643 42
1750690784582 0.02858039177954197 43
1750690784586 0.028485452756285667 44
1750690784589 0.028413891792297363 45
1750690784592 0.028541263192892075 46
1750690784595 0.029435906559228897 47
1750690784600 0.02926909737288952 48
1750690784602 0.0283901859074831 49
1750690784602 0.028257081285119057 50
1750690784616 0.028763534501194954 51
1750690784619 0.029186664149165154 52
1750690784623 0.02838321402668953 53
1750690784626 0.028883224353194237 54
1750690784629 0.027759622782468796 55
1750690784634 0.02784687653183937 56
1750690784637 0.02935539372265339 57
1750690784639 0.028238970786333084 58
1750690784642 0.028576044365763664 59
1750690784645 0.027941467240452766 60
1750690784649 0.02692095749080181 61
1750690784652 0.0272778682410717 62
1750690784655 0.027163797989487648 63
1750690784658 0.028353027999401093 64
1750690784661 0.02840607985854149 65
1750690784664 0.02773650735616684 66
1750690784664 0.02774834632873535 67
1750690784664 0.027144702151417732 68
1750690784664 0.026656080037355423 69
1750690784664 0.027704309672117233 70
1750690784684 0.027521293610334396 71
1750690784688 0.027131712064146996 72
1750690784692 0.026807164773344994 73
1750690784696 0.02835776098072529 74
1750690784702 0.02802114002406597 75
1750690784705 0.02652665786445141 76
1750690784709 0.025759290903806686 77
1750690784713 0.02727464959025383 78
1750690784717 0.027408024296164513 79
1750690784721 0.027951555326581 80
1750690784725 0.028018031269311905 81
1750690784729 0.027111725881695747 82
1750690784734 0.027704481035470963 83
1750690784738 0.028415992856025696 84
1750690784742 0.027845771983265877 85
1750690784746 0.026734190061688423 86
1750690784751 0.028213219717144966 87
1750690784751 0.02784196473658085 88
1750690784766 0.0276907067745924 89
1750690784771 0.02656678482890129 90
1750690784775 0.027927439659833908 91
1750690784779 0.027202196419239044 92
1750690784784 0.028413183987140656 93
1750690784787 0.028031865134835243 94
1750690784790 0.027237897738814354 95
1750690784793 0.02826101891696453 96
1750690784795 0.026992643252015114 97
1750690784799 0.02708299830555916 98
1750690784803 0.02727125771343708 99
1750690784806 0.02670813351869583 100
1750690784809 0.0270416010171175 101
1750690784813 0.026476895436644554 102
1750690784817 0.02700134739279747 103
1750690784818 0.027073407545685768 104
1750690784818 0.0280319657176733 105
1750690784818 0.028075309470295906 106
1750690784834 0.026798533275723457 107
1750690784837 0.027341218665242195 108
1750690784841 0.02677171863615513 109
1750690784845 0.027464399114251137 110
1750690784850 0.02698775939643383 111
1750690784854 0.026784013956785202 112
1750690784858 0.02642424963414669 113
1750690784862 0.026921862736344337 114
1750690784866 0.027003971859812737 115
1750690784870 0.02603592351078987 116
1750690784874 0.027465131133794785 117
1750690784878 0.02856171876192093 118
1750690784882 0.02737700752913952 119
1750690784882 0.027489788830280304 120
1750690784882 0.02662666328251362 121
1750690784882 0.028163064271211624 122
1750690784882 0.027336155995726585 123
1750690784902 0.027260035276412964 124
1750690784905 0.026235193014144897 125
1750690784908 0.027835296466946602 126
1750690784911 0.026787683367729187 127
1750690784915 0.0263886246830225 128
1750690784918 0.02657698467373848 129
1750690784921 0.026721296831965446 130
1750690784924 0.028011426329612732 131
1750690784927 0.028141126036643982 132
1750690784932 0.02753155678510666 133
1750690784934 0.027188165113329887 134
1750690784937 0.028266388922929764 135
1750690784940 0.027689462527632713 136
1750690784943 0.02621201053261757 137
1750690784949 0.027224576100707054 138
1750690784953 0.02669484354555607 139
1750690784957 0.02698839269578457 140
1750690784961 0.027414098381996155 141
1750690784966 0.027271568775177002 142
1750690784969 0.02688097581267357 143
1750690784972 0.026827463880181313 144
1750690784974 0.02752135880291462 145
1750690784977 0.02674615941941738 146
1750690784981 0.026721365749835968 147
1750690784985 0.027734603732824326 148
1750690784989 0.02633606269955635 149
1750690784993 0.026548730209469795 150
1750690784997 0.026345692574977875 151
1750690785001 0.028432046994566917 152
1750690785004 0.0266115665435791 153
1750690785007 0.026587214320898056 154
1750690785010 0.026412824168801308 155
1750690785015 0.02850954979658127 156
1750690785020 0.026451822370290756 157
1750690785021 0.02634735032916069 158
1750690785033 0.027051161974668503 159
1750690785038 0.028132816776633263 160
1750690785042 0.026892712339758873 161
1750690785048 0.027697622776031494 162
1750690785052 0.027622653171420097 163
1750690785055 0.02683827094733715 164
1750690785060 0.027812780812382698 165
1750690785066 0.026368308812379837 166
1750690785070 0.027486825361847878 167
1750690785073 0.02715292200446129 168
1750690785077 0.026560639962553978 169
1750690785082 0.028166545554995537 170
1750690785086 0.02690410614013672 171
1750690785089 0.02743867225944996 172
1750690785093 0.026548415422439575 173
1750690785098 0.027799205854535103 174
1750690785098 0.02591869607567787 175
1750690785098 0.026576165109872818 176
1750690785119 0.026348285377025604 177
1750690785120 0.02619229257106781 178
1750690785120 0.026972325518727303 179
1750690785130 0.02753405272960663 180
1750690785130 0.027522966265678406 181
1750690785130 0.026057709008455276 182
1750690785130 0.026004554703831673 183
1750690785147 0.027107547968626022 184
1750690785147 0.028299998492002487 185
1750690785147 0.02734631486237049 186
1750690785165 0.026810061186552048 187
1750690785165 0.027739347890019417 188
1750690785165 0.026150323450565338 189
1750690785180 0.02727787382900715 190
1750690785180 0.026226650923490524 191
1750690785180 0.026332372799515724 192
1750690785197 0.026652706786990166 193
1750690785197 0.026620028540492058 194
1750690785197 0.026573777198791504 195
1750690785197 0.02699916996061802 196
1750690785215 0.0277012437582016 197
1750690785215 0.02740403823554516 198
1750690785215 0.02717384323477745 199
1750690785215 0.026689955964684486 200
1750690785237 0.028162099421024323 201
1750690785237 0.027055559679865837 202
1750690785237 0.027415510267019272 203
1750690785247 0.027240367606282234 204
1750690785247 0.026810841634869576 205
1750690785270 0.027724847197532654 206
1750690785271 0.02703424170613289 207
1750690785271 0.026819223538041115 208
1750690785280 0.026760362088680267 209
1750690785280 0.027210336178541183 210
1750690785280 0.027190065011382103 211
1750690785280 0.027369912713766098 212
1750690785297 0.026492418721318245 213
1750690785297 0.028438284993171692 214
1750690785297 0.027351511642336845 215
1750690785297 0.026944560930132866 216
1750690785316 0.02745910733938217 217
1750690785319 0.027280135080218315 218
1750690785322 0.0275327917188406 219
1750690785323 0.026797819882631302 220
1750690785332 0.02683473750948906 221
1750690785336 0.02722173184156418 222
1750690785340 0.027359090745449066 223
1750690785344 0.027610482648015022 224
1750690785470 0.027769220992922783 225
1750690785481 0.027798477560281754 226
1750690785485 0.026267273351550102 227
1750690785489 0.02780315838754177 228
1750690785505 0.027299705892801285 229
1750690785521 0.0267044585198164 230
1750690785525 0.025831690058112144 231
1750690785528 0.026307733729481697 232
1750690785532 0.02578764595091343 233
1750690785536 0.027188358828425407 234
1750690785539 0.027453288435935974 235
1750690785542 0.02674451470375061 236
1750690785544 0.027172502130270004 237
1750690785550 0.027175365015864372 238
1750690785550 0.026287134736776352 239
1750690785550 0.027814706787467003 240
1750690785550 0.025991423055529594 241
1750690785564 0.02660800702869892 242
1750690785568 0.02672247588634491 243
1750690785572 0.027109159156680107 244
1750690785576 0.026607943698763847 245
1750690785581 0.026677459478378296 246
1750690785584 0.026518864557147026 247
1750690785588 0.02708214893937111 248
1750690785592 0.025709953159093857 249
1750690785597 0.027353445068001747 250
1750690785600 0.025976642966270447 251
1750690785604 0.027288783341646194 252
1750690785607 0.026562413200736046 253
1750690785610 0.02770214155316353 254
1750690785615 0.026452988386154175 255
1750690785619 0.02781161665916443 256
1750690785623 0.027258865535259247 257
1750690785625 0.02722211182117462 258
1750690785634 0.02735854871571064 259
1750690785638 0.028154930099844933 260
1750690785641 0.027269182726740837 261
