1750690785644 0.5209466218948364 0
1750690785648 0.3815346956253052 1
1750690785653 0.32650333642959595 2
1750690785657 0.271359920501709 3
1750690785661 0.249927818775177 4
1750690785666 0.2402700036764145 5
1750690785669 0.23445364832878113 6
1750690785673 0.22875165939331055 7
1750690785677 0.22083671391010284 8
1750690785681 0.22065123915672302 9
1750690785684 0.21586886048316956 10
1750690785688 0.20850862562656403 11
1750690785691 0.20138399302959442 12
1750690785701 0.20359966158866882 13
1750690785705 0.21485596895217896 14
1750690785709 0.212393119931221 15
1750690785712 0.20037873089313507 16
1750690785716 0.19794408977031708 17
1750690785719 0.1998825967311859 18
1750690785722 0.21105201542377472 19
1750690785724 0.1885642260313034 20
1750690785727 0.1871137171983719 21
1750690785731 0.18585778772830963 22
1750690785734 0.18460236489772797 23
1750690785737 0.18379169702529907 24
1750690785740 0.17047926783561707 25
1750690785749 0.17482784390449524 26
1750690785754 0.17200487852096558 27
1750690785757 0.1783059537410736 28
1750690785759 0.18144084513187408 29
1750690785765 0.17251107096672058 30
1750690785769 0.17724891006946564 31
1750690785772 0.1801721602678299 32
1750690785775 0.1801128387451172 33
1750690785778 0.1777547150850296 34
1750690785783 0.16429048776626587 35
1750690785785 0.1608879268169403 36
1750690785788 0.15540944039821625 37
1750690785791 0.16111627221107483 38
1750690785794 0.15670737624168396 39
1750690785798 0.16058160364627838 40
1750690785801 0.1553606539964676 41
1750690785806 0.15602664649486542 42
1750690785807 0.15330219268798828 43
1750690785815 0.1536465436220169 44
1750690785818 0.15380872786045074 45
1750690785821 0.15602374076843262 46
1750690785824 0.15422183275222778 47
1750690785827 0.15648896992206573 48
1750690785831 0.1526564657688141 49
1750690785835 0.1518489271402359 50
1750690785838 0.15499502420425415 51
1750690785840 0.1543678343296051 52
1750690785843 0.15218433737754822 53
1750690785847 0.15375809371471405 54
1750690785851 0.15116554498672485 55
1750690785855 0.1509520560503006 56
1750690785868 0.15442359447479248 57
1750690785871 0.1516476273536682 58
1750690785875 0.15251997113227844 59
1750690785880 0.1521507054567337 60
1750690785883 0.15048472583293915 61
1750690785887 0.14923124015331268 62
1750690785891 0.1503939926624298 63
1750690785894 0.15135963261127472 64
1750690785896 0.15301549434661865 65
1750690785896 0.15109609067440033 66
1750690785896 0.14938940107822418 67
1750690785911 0.15010003745555878 68
1750690785917 0.14910563826560974 69
1750690785920 0.14951574802398682 70
1750690785923 0.14852364361286163 71
1750690785927 0.15032371878623962 72
1750690785931 0.14979329705238342 73
1750690785935 0.15139278769493103 74
1750690785939 0.1525687724351883 75
1750690785944 0.1483863741159439 76
1750690785950 0.14503462612628937 77
1750690785955 0.14956583082675934 78
1750690785958 0.14876879751682281 79
1750690785962 0.15029573440551758 80
1750690785967 0.15040549635887146 81
1750690785970 0.14993397891521454 82
1750690785973 0.15029659867286682 83
1750690785976 0.15109410881996155 84
1750690785980 0.15169088542461395 85
1750690785980 0.14778973162174225 86
1750690785980 0.1508534848690033 87
1750690785980 0.14978286623954773 88
1750690785980 0.1499762088060379 89
1750690786000 0.1468641459941864 90
1750690786004 0.15046997368335724 91
1750690786008 0.1484304666519165 92
1750690786013 0.15213221311569214 93
1750690786017 0.1510203778743744 94
1750690786020 0.14964434504508972 95
1750690786023 0.1517733931541443 96
1750690786025 0.1489797830581665 97
1750690786028 0.14910577237606049 98
1750690786034 0.15006029605865479 99
1750690786038 0.1475849598646164 100
1750690786041 0.14847956597805023 101
1750690786045 0.1483910232782364 102
1750690786049 0.1490202397108078 103
1750690786052 0.1482020914554596 104
1750690786055 0.14852496981620789 105
1750690786056 0.15110643208026886 106
1750690786067 0.14830362796783447 107
1750690786072 0.15039779245853424 108
1750690786076 0.14841656386852264 109
1750690786081 0.1495213806629181 110
1750690786084 0.14941826462745667 111
1750690786086 0.1463969647884369 112
1750690786089 0.14805102348327637 113
1750690786092 0.1479901671409607 114
1750690786095 0.14868292212486267 115
1750690786100 0.14682164788246155 116
1750690786104 0.15047398209571838 117
1750690786107 0.150382861495018 118
1750690786111 0.1498643010854721 119
1750690786115 0.14923754334449768 120
1750690786115 0.1489652544260025 121
1750690786115 0.15146440267562866 122
1750690786115 0.14810454845428467 123
1750690786130 0.1500951498746872 124
1750690786133 0.14651933312416077 125
1750690786136 0.15136533975601196 126
1750690786138 0.14994372427463531 127
1750690786141 0.14802460372447968 128
1750690786143 0.14662601053714752 129
1750690786147 0.14757461845874786 130
1750690786150 0.14912480115890503 131
1750690786152 0.1504422426223755 132
1750690786155 0.14953827857971191 133
1750690786158 0.14923784136772156 134
1750690786160 0.1522405594587326 135
1750690786163 0.14933408796787262 136
1750690786163 0.14741124212741852 137
1750690786163 0.14922019839286804 138
1750690786163 0.14769145846366882 139
1750690786163 0.147621288895607 140
1750690786163 0.14955376088619232 141
1750690786181 0.15057291090488434 142
1750690786186 0.14943303167819977 143
1750690786189 0.14667446911334991 144
1750690786194 0.1499011218547821 145
1750690786198 0.14790314435958862 146
1750690786201 0.14917485415935516 147
1750690786203 0.15095289051532745 148
1750690786206 0.14790762960910797 149
1750690786209 0.14871956408023834 150
1750690786213 0.14488956332206726 151
1750690786217 0.1537269800901413 152
1750690786221 0.14829468727111816 153
1750690786225 0.14811648428440094 154
1750690786229 0.14748917520046234 155
1750690786233 0.15204718708992004 156
1750690786237 0.14669524133205414 157
1750690786237 0.14617197215557098 158
1750690786237 0.14781978726387024 159
1750690786250 0.14976397156715393 160
1750690786253 0.14787742495536804 161
1750690786256 0.1509256809949875 162
1750690786258 0.1495501697063446 163
1750690786261 0.14746586978435516 164
1750690786266 0.15130117535591125 165
1750690786270 0.14659835398197174 166
1750690786274 0.1503257006406784 167
1750690786278 0.14815369248390198 168
1750690786283 0.14631445705890656 169
1750690786287 0.15156987309455872 170
1750690786291 0.14925988018512726 171
1750690786295 0.15045997500419617 172
1750690786297 0.14619410037994385 173
1750690786297 0.1498674899339676 174
1750690786297 0.14391975104808807 175
1750690786297 0.1477833092212677 176
1750690786315 0.14697562158107758 177
1750690786317 0.14649932086467743 178
1750690786320 0.1496119350194931 179
1750690786323 0.1498340219259262 180
1750690786326 0.14930479228496552 181
1750690786330 0.14687250554561615 182
1750690786333 0.14730054140090942 183
1750690786337 0.14850816130638123 184
1750690786341 0.15200284123420715 185
1750690786345 0.1480282098054886 186
1750690786350 0.14887014031410217 187
1750690786353 0.1495479792356491 188
1750690786353 0.1458505541086197 189
1750690786365 0.14899569749832153 190
1750690786369 0.14740918576717377 191
1750690786372 0.1473802775144577 192
1750690786376 0.14750772714614868 193
1750690786381 0.14750531315803528 194
1750690786385 0.1469709277153015 195
1750690786388 0.14853425323963165 196
1750690786391 0.1503293663263321 197
1750690786393 0.1487104594707489 198
1750690786399 0.14935825765132904 199
1750690786402 0.14840365946292877 200
1750690786406 0.1509721875190735 201
1750690786410 0.1485413759946823 202
1750690786414 0.1486922800540924 203
1750690786417 0.14913144707679749 204
1750690786420 0.14751552045345306 205
1750690786421 0.14999568462371826 206
1750690786421 0.14943593740463257 207
1750690786433 0.14817491173744202 208
1750690786437 0.14738766849040985 209
1750690786441 0.14894556999206543 210
1750690786446 0.1487945020198822 211
1750690786450 0.1486811637878418 212
1750690786454 0.14750473201274872 213
1750690786458 0.15323781967163086 214
1750690786463 0.1492071896791458 215
1750690786467 0.14894941449165344 216
1750690786469 0.14843855798244476 217
1750690786472 0.1482604444026947 218
1750690786475 0.14995846152305603 219
1750690786480 0.15058867633342743 220
1750690786485 0.14706113934516907 221
1750690786485 0.1508684605360031 222
1750690786498 0.1497458964586258 223
1750690786501 0.15041710436344147 224
1750690786505 0.14960648119449615 225
1750690786508 0.1497298926115036 226
1750690786511 0.14651070535182953 227
1750690786515 0.15184496343135834 228
1750690786518 0.14864245057106018 229
1750690786521 0.14773418009281158 230
1750690786524 0.14530719816684723 231
1750690786526 0.14694730937480927 232
1750690786530 0.1459328830242157 233
1750690786534 0.14899861812591553 234
1750690786536 0.14971177279949188 235
1750690786548 0.14796526730060577 236
1750690786551 0.1508641391992569 237
1750690786554 0.14884242415428162 238
1750690786557 0.14741836488246918 239
1750690786561 0.15126538276672363 240
1750690786566 0.14707563817501068 241
1750690786569 0.1484110802412033 242
1750690786572 0.14813393354415894 243
1750690786575 0.14972235262393951 244
1750690786578 0.14851641654968262 245
1750690786582 0.1457202136516571 246
1750690786586 0.14700524508953094 247
1750690786590 0.14919570088386536 248
1750690786594 0.14705832302570343 249
1750690786601 0.14953315258026123 250
1750690786604 0.1447521597146988 251
1750690786608 0.14842404425144196 252
1750690786612 0.14640161395072937 253
1750690786617 0.149280846118927 254
1750690786620 0.1478136032819748 255
1750690786623 0.14978456497192383 256
1750690786625 0.14882792532444 257
1750690786629 0.1507897526025772 258
1750690786633 0.14881856739521027 259
1750690786637 0.15187138319015503 260
1750690786641 0.14865602552890778 261
