1750690786644 0.44776812195777893 0
1750690786649 0.2579539716243744 1
1750690786654 0.20404627919197083 2
1750690786655 0.14849522709846497 3
1750690786665 0.1331135332584381 4
1750690786669 0.12310680747032166 5
1750690786673 0.11392463743686676 6
1750690786677 0.11352236568927765 7
1750690786682 0.1003442332148552 8
1750690786687 0.09892147779464722 9
1750690786690 0.09642553329467773 10
1750690786694 0.09283757209777832 11
1750690786699 0.08680560439825058 12
1750690786702 0.08852185308933258 13
1750690786705 0.10216410458087921 14
1750690786709 0.1030360534787178 15
1750690786714 0.08676760643720627 16
1750690786718 0.08574657887220383 17
1750690786721 0.0868787094950676 18
1750690786724 0.09174554795026779 19
1750690786728 0.08070920407772064 20
1750690786734 0.0786193385720253 21
1750690786738 0.07630005478858948 22
1750690786742 0.07505826652050018 23
1750690786749 0.07651372253894806 24
1750690786752 0.06735127419233322 25
1750690786755 0.06993406265974045 26
1750690786758 0.06866737455129623 27
1750690786760 0.07222460210323334 28
1750690786765 0.0731140598654747 29
1750690786769 0.06854148954153061 30
1750690786772 0.06938381493091583 31
1750690786776 0.07409951090812683 32
1750690786781 0.07222634553909302 33
1750690786784 0.07011960446834564 34
1750690786788 0.06316272914409637 35
1750690786791 0.06182705983519554 36
1750690786797 0.05964130163192749 37
1750690786802 0.06183556839823723 38
1750690786806 0.05766623094677925 39
1750690786809 0.06129327416419983 40
1750690786816 0.0584963783621788 41
1750690786819 0.057143401354551315 42
1750690786823 0.05698792263865471 43
1750690786827 0.056888822466135025 44
1750690786833 0.056536443531513214 45
1750690786836 0.05707627162337303 46
1750690786838 0.058819402009248734 47
1750690786841 0.05799926072359085 48
1750690786844 0.05653384327888489 49
1750690786849 0.056259360164403915 50
1750690786853 0.057498715817928314 51
1750690786857 0.05868568271398544 52
1750690786860 0.05666091665625572 53
1750690786865 0.057735465466976166 54
1750690786870 0.05517991632223129 55
1750690786870 0.05520269274711609 56
1750690786870 0.05854214355349541 57
1750690786883 0.056356556713581085 58
1750690786887 0.05690578743815422 59
1750690786891 0.05565425381064415 60
1750690786895 0.05343883857131004 61
1750690786899 0.054351359605789185 62
1750690786903 0.05405322462320328 63
1750690786906 0.05694078281521797 64
1750690786909 0.05655953660607338 65
1750690786914 0.055056486278772354 66
1750690786918 0.05508260056376457 67
1750690786921 0.053860556334257126 68
1750690786924 0.05299260839819908 69
1750690786929 0.05534380301833153 70
1750690786932 0.05487146973609924 71
1750690786932 0.053930215537548065 72
1750690786932 0.053347568958997726 73
1750690786949 0.05650312826037407 74
1750690786952 0.05588003993034363 75
1750690786954 0.052677422761917114 76
1750690786958 0.051170967519283295 77
1750690786961 0.054039470851421356 78
1750690786966 0.05467469245195389 79
1750690786970 0.055660102516412735 80
1750690786974 0.055951640009880066 81
1750690786978 0.05373125895857811 82
1750690786982 0.055064063519239426 83
1750690786985 0.05675124749541283 84
1750690786988 0.05568723753094673 85
1750690786992 0.053074393421411514 86
1750690786998 0.05663323402404785 87
1750690787001 0.055525124073028564 88
1750690787004 0.05496403947472572 89
1750690787006 0.05255090072751045 90
1750690787009 0.05548317730426788 91
1750690787014 0.05432172492146492 92
1750690787018 0.056742265820503235 93
1750690787021 0.05609644949436188 94
1750690787024 0.054359663277864456 95
1750690787026 0.05582480877637863 96
1750690787030 0.05363025143742561 97
1750690787033 0.053811606019735336 98
1750690787036 0.05410909280180931 99
1750690787038 0.05297332629561424 100
1750690787043 0.053547292947769165 101
1750690787048 0.0523156002163887 102
1750690787052 0.05384049937129021 103
1750690787056 0.05375475436449051 104
1750690787059 0.05623868480324745 105
1750690787063 0.05615357682108879 106
1750690787067 0.053213488310575485 107
1750690787071 0.05402790755033493 108
1750690787074 0.053221289068460464 109
1750690787077 0.05475861579179764 110
1750690787081 0.053599487990140915 111
1750690787084 0.05329079180955887 112
1750690787085 0.05236099287867546 113
1750690787085 0.05347798392176628 114
1750690787085 0.05359934642910957 115
1750690787100 0.05161012336611748 116
1750690787104 0.054551031440496445 117
1750690787108 0.05696948245167732 118
1750690787113 0.05455728992819786 119
1750690787116 0.05455195531249046 120
1750690787120 0.05300348624587059 121
1750690787123 0.05607690289616585 122
1750690787125 0.05435628071427345 123
1750690787128 0.05404236540198326 124
1750690787133 0.05180922523140907 125
1750690787136 0.05535905063152313 126
1750690787139 0.05328618735074997 127
1750690787148 0.05259919911623001 128
1750690787151 0.05310758203268051 129
1750690787153 0.05313638225197792 130
1750690787156 0.055963095277547836 131
1750690787158 0.05641009658575058 132
1750690787161 0.05504884198307991 133
1750690787164 0.053926900029182434 134
1750690787166 0.056482505053281784 135
1750690787169 0.0553947389125824 136
1750690787171 0.05213695392012596 137
1750690787174 0.054282285273075104 138
1750690787176 0.052958909422159195 139
1750690787180 0.05361092835664749 140
1750690787180 0.05467124283313751 141
1750690787180 0.05417823791503906 142
1750690787180 0.05344865843653679 143
1750690787180 0.05341390147805214 144
1750690787180 0.054527610540390015 145
1750690787197 0.053464215248823166 146
1750690787200 0.05289750546216965 147
1750690787203 0.05538509041070938 148
1750690787205 0.05220437049865723 149
1750690787208 0.052682407200336456 150
1750690787210 0.05261986330151558 151
1750690787214 0.05631338804960251 152
1750690787217 0.05268668755888939 153
1750690787220 0.052724167704582214 154
1750690787222 0.05220901966094971 155
1750690787225 0.05661085247993469 156
1750690787227 0.0525706484913826 157
1750690787229 0.052524633705616 158
1750690787229 0.054061222821474075 159
1750690787229 0.05648673698306084 160
1750690787229 0.05348155274987221 161
1750690787229 0.05506113916635513 162
1750690787244 0.05501760542392731 163
1750690787244 0.05323893576860428 164
1750690787244 0.05561250448226929 165
1750690787244 0.052157964557409286 166
1750690787244 0.05464687570929527 167
1750690787261 0.05407049134373665 168
1750690787264 0.052700940519571304 169
1750690787267 0.05616861954331398 170
1750690787270 0.053492192178964615 171
1750690787272 0.05424134060740471 172
1750690787275 0.05271385982632637 173
1750690787278 0.05528693646192551 174
1750690787279 0.05139414593577385 175
1750690787279 0.05270349979400635 176
1750690787279 0.05213344469666481 177
1750690787279 0.051857300102710724 178
1750690787279 0.05358795449137688 179
1750690787294 0.05503392219543457 180
1750690787294 0.05459429696202278 181
1750690787294 0.05169033631682396 182
1750690787294 0.05143062397837639 183
1750690787294 0.053861528635025024 184
1750690787294 0.05646175891160965 185
1750690787310 0.054406072944402695 186
1750690787315 0.053337179124355316 187
1750690787316 0.05524497479200363 188
1750690787316 0.05198616161942482 189
1750690787316 0.05423882603645325 190
1750690787316 0.051851965487003326 191
1750690787316 0.05212912708520889 192
1750690787331 0.052920594811439514 193
1750690787331 0.05278812721371651 194
1750690787331 0.05271705240011215 195
1750690787331 0.053609948605298996 196
1750690787331 0.05550127848982811 197
1750690787331 0.05456080287694931 198
1750690787347 0.054152101278305054 199
1750690787347 0.052995383739471436 200
1750690787347 0.055832624435424805 201
1750690787347 0.05373574048280716 202
1750690787347 0.05482881888747215 203
1750690787363 0.054202333092689514 204
1750690787363 0.053177978843450546 205
1750690787370 0.05528120696544647 206
1750690787374 0.05389084294438362 207
1750690787376 0.05320300534367561 208
1750690787380 0.05326050519943237 209
1750690787383 0.05375729501247406 210
1750690787385 0.05415751785039902 211
1750690787388 0.054384615272283554 212
1750690787391 0.052618999034166336 213
1750690787393 0.05668475106358528 214
1750690787395 0.054207298904657364 215
1750690787395 0.05344920977950096 216
1750690787395 0.05462157726287842 217
1750690787395 0.054323818534612656 218
1750690787395 0.055012330412864685 219
1750690787395 0.05310231074690819 220
1750690787414 0.053701236844062805 221
1750690787416 0.053807687014341354 222
1750690787416 0.05425461754202843 223
1750690787416 0.054863981902599335 224
1750690787416 0.055276498198509216 225
1750690787416 0.05557658523321152 226
1750690787432 0.05200289189815521 227
1750690787432 0.05520995706319809 228
1750690787432 0.05412139371037483 229
1750690787432 0.053333938121795654 230
1750690787432 0.05127624422311783 231
1750690787432 0.05225900560617447 232
1750690787448 0.05111231654882431 233
1750690787448 0.054105743765830994 234
1750690787448 0.05461503937840462 235
1750690787448 0.05292564630508423 236
1750690787448 0.05374797433614731 237
1750690787463 0.05409481003880501 238
1750690787463 0.05236716568470001 239
1750690787463 0.05541135370731354 240
1750690787463 0.051279161125421524 241
1750690787463 0.052816201001405716 242
1750690787463 0.05303087830543518 243
1750690787479 0.05389029160141945 244
1750690787479 0.052584365010261536 245
1750690787479 0.053129810839891434 246
1750690787479 0.05248580873012543 247
1750690787479 0.05375376716256142 248
1750690787479 0.05093568190932274 249
1750690787498 0.054732080549001694 250
1750690787501 0.051347386091947556 251
1750690787503 0.05421510711312294 252
1750690787507 0.052736468613147736 253
1750690787509 0.055524908006191254 254
1750690787514 0.05289902910590172 255
1750690787517 0.055393218994140625 256
1750690787521 0.05398349091410637 257
1750690787525 0.05367009714245796 258
1750690787531 0.05410989746451378 259
1750690787535 0.05592964217066765 260
1750690787538 0.054171282798051834 261
