1750690787541 -5.7495622634887695 0
1750690787544 -2.672431707382202 1
1750690787549 -2.159663200378418 2
1750690787553 -1.1817209720611572 3
1750690787556 -0.8358350992202759 4
1750690787556 -0.6738795042037964 5
1750690787565 -0.5325110554695129 6
1750690787567 -0.7165541052818298 7
1750690787570 -0.4355084002017975 8
1750690787573 -0.2989897131919861 9
1750690787575 -0.29913315176963806 10
1750690787579 -0.31052520871162415 11
1750690787582 -0.24055345356464386 12
1750690787585 -0.31677931547164917 13
1750690787587 -0.6969514489173889 14
1750690787590 -0.44195637106895447 15
1750690787592 -0.17319528758525848 16
1750690787595 -0.25204771757125854 17
1750690787596 -0.2835058867931366 18
1750690787596 -0.32370153069496155 19
1750690787596 -0.044702108949422836 20
1750690787596 -0.07790433615446091 21
1750690787596 -0.1221592053771019 22
1750690787613 -0.08741191774606705 23
1750690787617 -0.10024067759513855 24
1750690787621 0.07602820545434952 25
1750690787625 0.01602654904127121 26
1750690787631 0.04776185005903244 27
1750690787635 0.08078835159540176 28
1750690787639 -0.08087867498397827 29
1750690787643 0.06819100677967072 30
1750690787648 -0.024145634844899178 31
1750690787652 0.06103235110640526 32
1750690787656 0.03662377968430519 33
1750690787660 0.06919344514608383 34
1750690787665 0.022889921441674232 35
1750690787669 0.15055331587791443 36
1750690787672 0.18092313408851624 37
1750690787676 0.12480790168046951 38
1750690787682 0.23788851499557495 39
1750690787684 0.14859801530838013 40
1750690787684 0.2064439207315445 41
1750690787684 0.21416260302066803 42
1750690787697 0.21807369589805603 43
1750690787700 0.22791633009910583 44
1750690787702 0.21526728570461273 45
1750690787705 0.22727660834789276 46
1750690787707 0.2002132087945938 47
1750690787710 0.19856904447078705 48
1750690787714 0.24985802173614502 49
1750690787716 0.2228582352399826 50
1750690787719 0.21483266353607178 51
1750690787721 0.26694774627685547 52
1750690787724 0.2198459953069687 53
1750690787726 0.20526878535747528 54
1750690787732 0.26284387707710266 55
1750690787734 0.22504572570323944 56
1750690787734 0.21194294095039368 57
1750690787734 0.22034244239330292 58
1750690787734 0.2550675868988037 59
1750690787751 0.25925931334495544 60
1750690787754 0.2896520793437958 61
1750690787757 0.25138649344444275 62
1750690787760 0.28583595156669617 63
1750690787765 0.230003222823143 64
1750690787768 0.21192748844623566 65
1750690787771 0.2244003266096115 66
1750690787774 0.24428726732730865 67
1750690787780 0.2861809730529785 68
1750690787783 0.29501304030418396 69
1750690787785 0.2496607005596161 70
1750690787789 0.30023711919784546 71
1750690787792 0.2634844481945038 72
1750690787797 0.2617545425891876 73
1750690787801 0.2402620017528534 74
1750690787802 0.2196437120437622 75
1750690787802 0.25930604338645935 76
1750690787816 0.3177192807197571 77
1750690787820 0.25347599387168884 78
1750690787824 0.2790986895561218 79
1750690787829 0.22019189596176147 80
1750690787832 0.28201958537101746 81
1750690787835 0.25222018361091614 82
1750690787838 0.24336430430412292 83
1750690787842 0.21842412650585175 84
1750690787847 0.2812437117099762 85
1750690787851 0.25456878542900085 86
1750690787854 0.25226643681526184 87
1750690787858 0.23397833108901978 88
1750690787863 0.28894659876823425 89
1750690787867 0.29369422793388367 90
1750690787867 0.2508822977542877 91
1750690787867 0.27157074213027954 92
1750690787867 0.23767705261707306 93
1750690787881 0.2479710578918457 94
1750690787884 0.2722451686859131 95
1750690787886 0.2591080367565155 96
1750690787889 0.27973321080207825 97
1750690787891 0.2885666787624359 98
1750690787894 0.23371349275112152 99
1750690787898 0.28654778003692627 100
1750690787900 0.24895338714122772 101
1750690787903 0.2985231876373291 102
1750690787906 0.2966908812522888 103
1750690787908 0.27706989645957947 104
1750690787912 0.233591228723526 105
1750690787915 0.27028799057006836 106
1750690787918 0.3062530755996704 107
1750690787920 0.210201233625412 108
1750690787923 0.23393873870372772 109
1750690787925 0.2410915046930313 110
1750690787931 0.22381438314914703 111
1750690787935 0.265368789434433 112
1750690787939 0.26431646943092346 113
1750690787943 0.27803343534469604 114
1750690787948 0.28690797090530396 115
1750690787952 0.29517096281051636 116
1750690787956 0.276094526052475 117
1750690787960 0.23149476945400238 118
1750690787965 0.26109087467193604 119
1750690787969 0.2623650133609772 120
1750690787973 0.300650030374527 121
1750690787977 0.22493135929107666 122
1750690787982 0.2842404842376709 123
1750690787985 0.27173057198524475 124
1750690787988 0.32500627636909485 125
1750690787990 0.2697915732860565 126
1750690787997 0.280500203371048 127
1750690788000 0.29376235604286194 128
1750690788003 0.3016824424266815 129
1750690788005 0.2999013066291809 130
1750690788009 0.2638629078865051 131
1750690788013 0.2542130649089813 132
1750690788015 0.24022723734378815 133
1750690788018 0.26518329977989197 134
1750690788021 0.2128257155418396 135
1750690788023 0.2413654625415802 136
1750690788026 0.3200777769088745 137
1750690788028 0.2658797800540924 138
1750690788028 0.3146251440048218 139
1750690788028 0.24419085681438446 140
1750690788028 0.23405931890010834 141
1750690788028 0.2784551680088043 142
1750690788028 0.28859591484069824 143
1750690788048 0.25740259885787964 144
1750690788053 0.2729835510253906 145
1750690788057 0.2875581979751587 146
1750690788062 0.28844404220581055 147
1750690788066 0.291634738445282 148
1750690788070 0.289069265127182 149
1750690788074 0.26068201661109924 150
1750690788080 0.31956928968429565 151
1750690788085 0.2295076698064804 152
1750690788090 0.2702369689941406 153
1750690788096 0.2697415053844452 154
1750690788101 0.27087369561195374 155
1750690788105 0.25311315059661865 156
1750690788109 0.289026141166687 157
1750690788115 0.3488001227378845 158
1750690788118 0.2727157771587372 159
1750690788118 0.22918719053268433 160
1750690788130 0.24884389340877533 161
1750690788136 0.23752760887145996 162
1750690788140 0.21008819341659546 163
1750690788144 0.261214017868042 164
1750690788150 0.22895249724388123 165
1750690788154 0.2917616069316864 166
1750690788158 0.22954116761684418 167
1750690788164 0.270197331905365 168
1750690788169 0.297414094209671 169
1750690788175 0.26185494661331177 170
1750690788179 0.27932360768318176 171
1750690788183 0.24451062083244324 172
1750690788187 0.29244253039360046 173
1750690788191 0.2249155342578888 174
1750690788195 0.30582067370414734 175
1750690788199 0.2908231317996979 176
1750690788203 0.28259530663490295 177
1750690788203 0.26667243242263794 178
1750690788203 0.26467177271842957 179
1750690788216 0.2654244899749756 180
1750690788219 0.2954173982143402 181
1750690788222 0.28766345977783203 182
1750690788225 0.3033698499202728 183
1750690788228 0.3015950322151184 184
1750690788232 0.25988948345184326 185
1750690788235 0.27589094638824463 186
1750690788238 0.27262187004089355 187
1750690788241 0.24404124915599823 188
1750690788244 0.29992929100990295 189
1750690788248 0.29270631074905396 190
1750690788252 0.30268311500549316 191
1750690788254 0.26913905143737793 192
1750690788254 0.2739148437976837 193
1750690788270 0.2945673167705536 194
1750690788274 0.2733101546764374 195
1750690788277 0.28478315472602844 196
1750690788282 0.28561919927597046 197
1750690788284 0.26468679308891296 198
1750690788288 0.2581365406513214 199
1750690788291 0.28147876262664795 200
1750690788296 0.24707037210464478 201
1750690788300 0.33213096857070923 202
1750690788303 0.25648969411849976 203
1750690788306 0.26094019412994385 204
1750690788309 0.2979338467121124 205
1750690788313 0.241472065448761 206
1750690788313 0.271477073431015 207
1750690788313 0.2871088981628418 208
1750690788313 0.290587842464447 209
1750690788313 0.2561214864253998 210
1750690788333 0.2636657655239105 211
1750690788337 0.2515300214290619 212
1750690788341 0.3146997094154358 213
1750690788347 0.1993592232465744 214
1750690788351 0.2802983224391937 215
1750690788354 0.2920002043247223 216
1750690788357 0.29108548164367676 217
1750690788360 0.27511468529701233 218
1750690788365 0.2561071813106537 219
1750690788369 0.2647457420825958 220
1750690788373 0.29550817608833313 221
1750690788377 0.2732264995574951 222
1750690788381 0.2588942348957062 223
1750690788384 0.24509981274604797 224
1750690788386 0.2593134343624115 225
1750690788389 0.25491979718208313 226
1750690788395 0.33311498165130615 227
1750690788399 0.2499503791332245 228
1750690788402 0.23366187512874603 229
1750690788404 0.29609736800193787 230
1750690788407 0.3009239435195923 231
1750690788409 0.28249233961105347 232
1750690788413 0.3039579391479492 233
1750690788416 0.2796904146671295 234
1750690788419 0.2666521966457367 235
1750690788421 0.30510085821151733 236
1750690788424 0.24155296385288239 237
1750690788426 0.25309106707572937 238
1750690788429 0.3002473711967468 239
1750690788429 0.26615816354751587 240
1750690788429 0.29006749391555786 241
1750690788429 0.28050708770751953 242
1750690788429 0.31827691197395325 243
1750690788429 0.25970616936683655 244
1750690788447 0.2954471707344055 245
1750690788450 0.28973719477653503 246
1750690788453 0.27206194400787354 247
1750690788457 0.22808825969696045 248
1750690788460 0.28969061374664307 249
1750690788465 0.2190270572900772 250
1750690788468 0.3128173053264618 251
1750690788472 0.2910938560962677 252
1750690788476 0.2712872326374054 253
1750690788481 0.2636301517486572 254
1750690788486 0.2883985936641693 255
1750690788489 0.2628616988658905 256
1750690788493 0.27456992864608765 257
1750690788497 0.2725350260734558 258
1750690788501 0.24379020929336548 259
1750690788504 0.2932886779308319 260
1750690788509 0.24724949896335602 261
