1750690788515 0.6029840707778931 0
1750690788519 0.4733828902244568 1
1750690788521 0.41595038771629333 2
1750690788524 0.3638606071472168 3
1750690788527 0.34562334418296814 4
1750690788533 0.33142027258872986 5
1750690788537 0.32008096575737 6
1750690788541 0.31310901045799255 7
1750690788546 0.30570346117019653 8
1750690788549 0.3014082908630371 9
1750690788551 0.297504186630249 10
1750690788554 0.2902061343193054 11
1750690788557 0.27991703152656555 12
1750690788560 0.28437677025794983 13
1750690788565 0.29815512895584106 14
1750690788568 0.2966252863407135 15
1750690788571 0.2787112295627594 16
1750690788573 0.27799761295318604 17
1750690788576 0.2789633572101593 18
1750690788580 0.2864001989364624 19
1750690788583 0.26710397005081177 20
1750690788586 0.2656576335430145 21
1750690788588 0.26255345344543457 22
1750690788591 0.25899288058280945 23
1750690788595 0.26108402013778687 24
1750690788599 0.24640516936779022 25
1750690788599 0.25147944688796997 26
1750690788599 0.2506215572357178 27
1750690788599 0.25322750210762024 28
1750690788599 0.2563413381576538 29
1750690788599 0.24888166785240173 30
1750690788618 0.25130704045295715 31
1750690788622 0.2571427822113037 32
1750690788626 0.25591370463371277 33
1750690788631 0.2530798316001892 34
1750690788634 0.23873074352741241 35
1750690788636 0.2368701845407486 36
1750690788640 0.23154644668102264 37
1750690788644 0.2351820468902588 38
1750690788648 0.22823546826839447 39
1750690788651 0.2335188388824463 40
1750690788654 0.22897088527679443 41
1750690788657 0.2273411750793457 42
1750690788660 0.22624163329601288 43
1750690788664 0.22782433032989502 44
1750690788667 0.22646142542362213 45
1750690788670 0.2280818670988083 46
1750690788673 0.23011915385723114 47
1750690788678 0.22895033657550812 48
1750690788682 0.2265525907278061 49
1750690788682 0.224544957280159 50
1750690788682 0.22806361317634583 51
1750690788699 0.2271050065755844 52
1750690788702 0.2263115644454956 53
1750690788704 0.22629818320274353 54
1750690788712 0.22295621037483215 55
1750690788712 0.22366884350776672 56
1750690788712 0.22981427609920502 57
1750690788712 0.2279035449028015 58
1750690788729 0.22423352301120758 59
1750690788729 0.2248527556657791 60
1750690788729 0.21986724436283112 61
1750690788729 0.22270341217517853 62
1750690788746 0.22166796028614044 63
1750690788746 0.2264685332775116 64
1750690788746 0.22432143986225128 65
1750690788746 0.22509759664535522 66
1750690788763 0.22292061150074005 67
1750690788763 0.2189827263355255 68
1750690788763 0.22065629065036774 69
1750690788763 0.22235707938671112 70
1750690788780 0.2241280972957611 71
1750690788780 0.2212044894695282 72
1750690788780 0.22041064500808716 73
1750690788780 0.22485864162445068 74
1750690788801 0.22485582530498505 75
1750690788803 0.21909423172473907 76
1750690788803 0.21488557755947113 77
1750690788812 0.22062093019485474 78
1750690788812 0.2218690663576126 79
1750690788812 0.22328293323516846 80
1750690788812 0.22417381405830383 81
1750690788829 0.22118954360485077 82
1750690788829 0.223349466919899 83
1750690788829 0.22568495571613312 84
1750690788829 0.2234378457069397 85
1750690788845 0.2200065702199936 86
1750690788845 0.22595150768756866 87
1750690788845 0.22198249399662018 88
1750690788862 0.22121703624725342 89
1750690788862 0.21897989511489868 90
1750690788862 0.22289860248565674 91
1750690788862 0.22032618522644043 92
1750690788879 0.2263096421957016 93
1750690788879 0.2246817648410797 94
1750690788879 0.22152504324913025 95
1750690788879 0.22479717433452606 96
1750690788879 0.21874769032001495 97
1750690788899 0.22270448505878448 98
1750690788903 0.22074390947818756 99
1750690788907 0.21847665309906006 100
1750690788911 0.22012031078338623 101
1750690788915 0.21777752041816711 102
1750690788919 0.22054550051689148 103
1750690788923 0.21974022686481476 104
1750690788927 0.22296293079853058 105
1750690788932 0.2247428297996521 106
1750690788935 0.21900184452533722 107
1750690788939 0.22204095125198364 108
1750690788943 0.21961374580860138 109
1750690788948 0.22212636470794678 110
1750690788950 0.22107407450675964 111
1750690788950 0.2197156846523285 112
1750690788950 0.21766386926174164 113
1750690788964 0.22002173960208893 114
1750690788968 0.21941165626049042 115
1750690788972 0.2169947624206543 116
1750690788975 0.22117820382118225 117
1750690788980 0.22480039298534393 118
1750690788984 0.22247454524040222 119
1750690788988 0.22120465338230133 120
1750690788991 0.21881598234176636 121
1750690788997 0.22475923597812653 122
1750690789000 0.22123602032661438 123
1750690789003 0.22175516188144684 124
1750690789005 0.21732120215892792 125
1750690789010 0.22419473528862 126
1750690789016 0.22024138271808624 127
1750690789020 0.2187466323375702 128
1750690789024 0.21852239966392517 129
1750690789031 0.21771006286144257 130
1750690789034 0.2226409763097763 131
1750690789037 0.22368675470352173 132
1750690789039 0.22256624698638916 133
1750690789042 0.2217872440814972 134
1750690789046 0.22496923804283142 135
1750690789049 0.22306467592716217 136
1750690789052 0.2164749652147293 137
1750690789055 0.22101221978664398 138
1750690789057 0.21862809360027313 139
1750690789060 0.22072440385818481 140
1750690789065 0.22114315629005432 141
1750690789067 0.22210879623889923 142
1750690789070 0.22126847505569458 143
1750690789073 0.21923203766345978 144
1750690789076 0.22097468376159668 145
1750690789081 0.22116070985794067 146
1750690789085 0.21890027821063995 147
1750690789089 0.22205524146556854 148
1750690789093 0.21870951354503632 149
1750690789099 0.21959276497364044 150
1750690789101 0.21800361573696136 151
1750690789105 0.22675570845603943 152
1750690789108 0.21954473853111267 153
1750690789113 0.21828554570674896 154
1750690789116 0.21741795539855957 155
1750690789121 0.2254500687122345 156
1750690789125 0.2183803766965866 157
1750690789129 0.21800892055034637 158
1750690789133 0.22074264287948608 159
1750690789137 0.22301127016544342 160
1750690789141 0.22034016251564026 161
1750690789146 0.22342966496944427 162
1750690789150 0.22168375551700592 163
1750690789154 0.2186434119939804 164
1750690789158 0.22328011691570282 165
1750690789165 0.21770213544368744 166
1750690789168 0.2221704125404358 167
1750690789171 0.22128242254257202 168
1750690789174 0.2172974944114685 169
1750690789180 0.22474616765975952 170
1750690789184 0.2199866622686386 171
1750690789186 0.22114354372024536 172
1750690789190 0.2186301201581955 173
1750690789194 0.2236092984676361 174
1750690789198 0.21666458249092102 175
1750690789201 0.21902820467948914 176
1750690789204 0.21658627688884735 177
1750690789208 0.21838127076625824 178
1750690789213 0.2203890085220337 179
1750690789218 0.2218157798051834 180
1750690789218 0.22166895866394043 181
1750690789218 0.2173042744398117 182
1750690789229 0.21622417867183685 183
1750690789229 0.22191111743450165 184
1750690789229 0.22511053085327148 185
1750690789229 0.22046981751918793 186
1750690789229 0.22149093449115753 187
1750690789247 0.22060950100421906 188
1750690789247 0.21699011325836182 189
1750690789247 0.22023136913776398 190
1750690789262 0.2173662781715393 191
1750690789262 0.2185889482498169 192
1750690789262 0.21802662312984467 193
1750690789279 0.21898192167282104 194
1750690789279 0.2180892825126648 195
1750690789279 0.2198180854320526 196
1750690789295 0.22196587920188904 197
1750690789295 0.22147078812122345 198
1750690789295 0.21994362771511078 199
1750690789295 0.21918338537216187 200
1750690789316 0.22397123277187347 201
1750690789319 0.21968971192836761 202
1750690789319 0.2212705761194229 203
1750690789329 0.2235322892665863 204
1750690789329 0.2192937433719635 205
1750690789329 0.22354762256145477 206
1750690789329 0.22268326580524445 207
1750690789345 0.21933481097221375 208
1750690789345 0.21884942054748535 209
1750690789345 0.2200741469860077 210
1750690789363 0.22071532905101776 211
1750690789363 0.22191262245178223 212
1750690789363 0.218641459941864 213
1750690789379 0.2253115475177765 214
1750690789379 0.22130584716796875 215
1750690789379 0.21991181373596191 216
1750690789379 0.2216481864452362 217
1750690789395 0.2214798778295517 218
1750690789395 0.22169680893421173 219
1750690789395 0.21900086104869843 220
1750690789412 0.2190137803554535 221
1750690789412 0.22218957543373108 222
1750690789412 0.2215244024991989 223
1750690789412 0.22180043160915375 224
1750690789433 0.2229347825050354 225
1750690789434 0.22276587784290314 226
1750690789434 0.2187691330909729 227
1750690789434 0.22529228031635284 228
1750690789434 0.2238789051771164 229
1750690789445 0.21960800886154175 230
1750690789445 0.21610373258590698 231
1750690789445 0.21775397658348083 232
1750690789445 0.21589918434619904 233
1750690789445 0.22209830582141876 234
1750690789466 0.22121456265449524 235
1750690789469 0.218805193901062 236
1750690789472 0.22150063514709473 237
1750690789476 0.22190748155117035 238
1750690789480 0.21793216466903687 239
1750690789483 0.2231215387582779 240
1750690789486 0.21651987731456757 241
1750690789490 0.21913458406925201 242
1750690789493 0.2193380445241928 243
1750690789498 0.22147271037101746 244
1750690789501 0.21922868490219116 245
1750690789503 0.2191912829875946 246
1750690789506 0.2175319492816925 247
1750690789510 0.21996083855628967 248
1750690789515 0.216689795255661 249
1750690789516 0.22267533838748932 250
1750690789516 0.21570636332035065 251
1750690789516 0.22050514817237854 252
1750690789530 0.21842026710510254 253
1750690789534 0.2224119007587433 254
1750690789537 0.21952010691165924 255
1750690789540 0.22321952879428864 256
1750690789543 0.2201356291770935 257
1750690789548 0.220216765999794 258
1750690789552 0.22153523564338684 259
1750690789556 0.22473131120204926 260
1750690789560 0.22070294618606567 261
