1750690789564 129.65029907226562 0
1750690789567 99.87358093261719 1
1750690789570 86.20459747314453 2
1750690789572 75.3577651977539 3
1750690789581 70.5650634765625 4
1750690789583 67.76487731933594 5
1750690789586 66.81087493896484 6
1750690789588 64.44158172607422 7
1750690789591 61.50584030151367 8
1750690789593 64.04055786132812 9
1750690789598 63.82832336425781 10
1750690789600 58.095176696777344 11
1750690789603 56.86713790893555 12
1750690789605 59.25776672363281 13
1750690789608 60.09818649291992 14
1750690789610 57.053714752197266 15
1750690789612 55.63308334350586 16
1750690789612 57.213069915771484 17
1750690789612 55.36332321166992 18
1750690789612 62.7464599609375 19
1750690789612 52.64913558959961 20
1750690789629 51.14760208129883 21
1750690789632 52.56047439575195 22
1750690789635 52.43598937988281 23
1750690789637 52.030792236328125 24
1750690789640 48.85877227783203 25
1750690789643 49.9500732421875 26
1750690789647 49.611087799072266 27
1750690789650 50.9574089050293 28
1750690789652 50.94683074951172 29
1750690789655 48.87162399291992 30
1750690789657 50.80202865600586 31
1750690789660 51.41427993774414 32
1750690789662 48.92960739135742 33
1750690789662 51.82883834838867 34
1750690789662 47.329925537109375 35
1750690789662 47.325645446777344 36
1750690789662 45.140689849853516 37
1750690789681 45.146148681640625 38
1750690789684 45.48185348510742 39
1750690789687 45.384361267089844 40
1750690789689 45.180320739746094 41
1750690789692 44.16368865966797 42
1750690789696 44.506961822509766 43
1750690789700 44.37310791015625 44
1750690789703 44.016021728515625 45
1750690789705 44.991676330566406 46
1750690789708 44.420833587646484 47
1750690789712 44.49482345581055 48
1750690789715 44.25859451293945 49
1750690789717 43.69092559814453 50
1750690789720 43.530113220214844 51
1750690789723 43.8840446472168 52
1750690789725 43.339351654052734 53
1750690789728 43.05624008178711 54
1750690789728 43.67677307128906 55
1750690789728 43.25274658203125 56
1750690789728 44.51323699951172 57
1750690789728 44.06938552856445 58
1750690789728 43.48768615722656 59
1750690789747 43.63699722290039 60
1750690789752 43.739227294921875 61
1750690789754 43.67493438720703 62
1750690789757 42.922088623046875 63
1750690789760 43.397945404052734 64
1750690789763 43.59112548828125 65
1750690789766 43.8891716003418 66
1750690789768 43.730491638183594 67
1750690789771 43.70426940917969 68
1750690789773 42.80376052856445 69
1750690789776 43.1807746887207 70
1750690789778 42.776710510253906 71
1750690789778 43.12262725830078 72
1750690789778 43.55707931518555 73
1750690789778 43.34238815307617 74
1750690789778 43.943416595458984 75
1750690789778 42.699188232421875 76
1750690789797 42.0301513671875 77
1750690789800 42.43254852294922 78
1750690789802 43.481197357177734 79
1750690789805 43.002159118652344 80
1750690789807 43.66697311401367 81
1750690789810 43.22859191894531 82
1750690789814 43.35430908203125 83
1750690789816 43.12229919433594 84
1750690789819 43.609764099121094 85
1750690789821 42.52347183227539 86
1750690789824 43.680877685546875 87
1750690789826 42.9837760925293 88
1750690789828 43.24049758911133 89
1750690789828 42.30853271484375 90
1750690789828 43.33647155761719 91
1750690789828 42.563472747802734 92
1750690789828 43.495819091796875 93
1750690789828 43.26462936401367 94
1750690789849 43.209815979003906 95
1750690789852 43.87324523925781 96
1750690789854 43.226226806640625 97
1750690789857 43.50246810913086 98
1750690789860 43.15141677856445 99
1750690789863 43.0921745300293 100
1750690789865 42.63689041137695 101
1750690789868 43.48781967163086 102
1750690789871 42.9331169128418 103
1750690789873 42.669368743896484 104
1750690789876 42.54655838012695 105
1750690789878 42.67720413208008 106
1750690789878 42.52800369262695 107
1750690789878 43.03982925415039 108
1750690789878 43.11320877075195 109
1750690789878 42.972450256347656 110
1750690789878 43.78403854370117 111
1750690789893 42.962554931640625 112
1750690789893 42.21570587158203 113
1750690789893 42.498207092285156 114
1750690789893 43.27054214477539 115
1750690789893 42.73644256591797 116
1750690789909 43.105018615722656 117
1750690789913 42.4281005859375 118
1750690789916 43.80060958862305 119
1750690789918 43.08951950073242 120
1750690789921 43.482078552246094 121
1750690789923 42.781070709228516 122
1750690789926 42.56511306762695 123
1750690789928 43.3655891418457 124
1750690789928 42.621559143066406 125
1750690789928 43.221012115478516 126
1750690789928 43.48748779296875 127
1750690789928 43.371116638183594 128
1750690789928 42.46280288696289 129
1750690789943 42.04136657714844 130
1750690789943 42.843406677246094 131
1750690789943 42.8370361328125 132
1750690789943 43.75334930419922 133
1750690789943 43.092071533203125 134
1750690789959 43.48094940185547 135
1750690789965 42.817081451416016 136
1750690789968 42.583805084228516 137
1750690789970 42.666805267333984 138
1750690789973 42.75912857055664 139
1750690789976 42.88943862915039 140
1750690789980 42.925601959228516 141
1750690789982 43.16587448120117 142
1750690789985 43.35847854614258 143
1750690789988 42.46159362792969 144
1750690789990 43.28414535522461 145
1750690789993 43.18345260620117 146
1750690789994 43.270896911621094 147
1750690789994 42.85200119018555 148
1750690789994 42.56843185424805 149
1750690789994 43.61308288574219 150
1750690789994 42.32408905029297 151
1750690790010 43.802738189697266 152
1750690790010 43.19028091430664 153
1750690790019 43.18245315551758 154
1750690790023 42.71404266357422 155
1750690790026 43.54705047607422 156
1750690790029 42.37411117553711 157
1750690790032 42.730628967285156 158
1750690790036 42.48672866821289 159
1750690790037 43.025821685791016 160
1750690790041 42.54369354248047 161
1750690790042 43.96802520751953 162
1750690790048 43.024105072021484 163
1750690790050 42.40472412109375 164
1750690790053 43.39200210571289 165
1750690790055 42.96040344238281 166
1750690790058 43.46216583251953 167
1750690790060 42.30086898803711 168
1750690790065 42.364295959472656 169
1750690790066 43.439476013183594 170
1750690790066 43.148231506347656 171
1750690790066 43.08388137817383 172
1750690790066 42.04021453857422 173
1750690790066 42.52728271484375 174
1750690790082 41.94581604003906 175
1750690790085 42.48967742919922 176
1750690790089 42.25542449951172 177
1750690790093 42.68458557128906 178
1750690790098 43.676029205322266 179
1750690790101 43.2720832824707 180
1750690790103 42.64347839355469 181
1750690790106 43.031253814697266 182
1750690790109 42.68336486816406 183
1750690790114 42.737388610839844 184
1750690790117 43.41997528076172 185
1750690790121 42.53057098388672 186
1750690790125 43.375022888183594 187
1750690790130 42.911685943603516 188
1750690790134 42.26479721069336 189
1750690790138 42.81635665893555 190
1750690790141 43.05546951293945 191
1750690790147 43.24170684814453 192
1750690790150 42.56953811645508 193
1750690790152 42.69366455078125 194
1750690790155 41.788047790527344 195
1750690790158 42.604671478271484 196
1750690790164 43.684059143066406 197
1750690790167 43.403968811035156 198
1750690790170 43.12863540649414 199
1750690790173 43.0269889831543 200
1750690790176 43.33684539794922 201
1750690790181 42.474239349365234 202
1750690790185 42.837894439697266 203
1750690790188 43.17152404785156 204
1750690790190 42.90190124511719 205
1750690790196 43.21367263793945 206
1750690790200 43.24287796020508 207
1750690790204 42.712974548339844 208
1750690790207 43.067073822021484 209
1750690790210 42.89464569091797 210
1750690790216 43.30258560180664 211
1750690790218 42.42716979980469 212
1750690790221 42.53331756591797 213
1750690790223 43.87203598022461 214
1750690790227 43.554656982421875 215
1750690790231 42.7950325012207 216
1750690790236 42.219520568847656 217
1750690790239 42.74809646606445 218
1750690790243 42.539852142333984 219
1750690790248 43.205631256103516 220
1750690790251 42.2325553894043 221
1750690790251 43.41252899169922 222
1750690790264 43.25673294067383 223
1750690790267 43.10273361206055 224
1750690790272 43.388038635253906 225
1750690790275 42.927188873291016 226
1750690790280 43.281639099121094 227
1750690790284 43.6908073425293 228
1750690790288 43.221954345703125 229
1750690790292 42.52705383300781 230
1750690790297 42.056251525878906 231
1750690790300 43.17481994628906 232
1750690790303 42.97542190551758 233
1750690790305 43.001033782958984 234
1750690790309 43.12123489379883 235
1750690790314 42.883724212646484 236
1750690790314 43.738224029541016 237
1750690790331 42.888858795166016 238
1750690790337 42.564117431640625 239
1750690790343 43.67582321166992 240
1750690790348 42.96902084350586 241
1750690790352 43.32563400268555 242
1750690790356 42.616519927978516 243
1750690790363 43.066490173339844 244
1750690790366 42.75764083862305 245
1750690790369 41.906917572021484 246
1750690790374 42.960533142089844 247
1750690790379 42.50701141357422 248
1750690790383 43.09346389770508 249
1750690790387 43.31810760498047 250
1750690790390 42.0677490234375 251
1750690790399 42.1263313293457 252
1750690790405 42.61054229736328 253
1750690790409 43.11702346801758 254
1750690790414 43.26565170288086 255
1750690790416 43.3084602355957 256
1750690790420 42.76537322998047 257
1750690790424 43.49692916870117 258
1750690790429 42.611305236816406 259
1750690790432 43.0617790222168 260
1750690790435 42.77149963378906 261
