1750697833319 0.0010000000474974513 0
1750697833323 0.0010000000474974513 1
1750697833326 0.0010000000474974513 2
1750697833330 0.0010000000474974513 3
1750697833333 0.0010000000474974513 4
1750697833336 0.0010000000474974513 5
1750697833339 0.0010000000474974513 6
1750697833343 0.0010000000474974513 7
1750697833346 0.0010000000474974513 8
1750697833349 0.0010000000474974513 9
1750697833353 0.0010000000474974513 10
1750697833356 0.0010000000474974513 11
1750697833360 0.0010000000474974513 12
1750697833364 0.0010000000474974513 13
1750697833367 0.0010000000474974513 14
1750697833371 0.0010000000474974513 15
1750697833375 0.0010000000474974513 16
1750697833378 0.0010000000474974513 17
1750697833381 0.0010000000474974513 18
1750697833384 0.0010000000474974513 19
1750697833388 0.0010000000474974513 20
1750697833392 0.0010000000474974513 21
1750697833395 0.0010000000474974513 22
1750697833399 0.0010000000474974513 23
1750697833402 0.0010000000474974513 24
1750697833405 0.0010000000474974513 25
1750697833409 0.0010000000474974513 26
1750697833413 0.0010000000474974513 27
1750697833416 0.0010000000474974513 28
1750697833420 0.0010000000474974513 29
1750697833423 0.0010000000474974513 30
1750697833427 0.0010000000474974513 31
1750697833430 0.0010000000474974513 32
1750697833433 0.0010000000474974513 33
1750697833437 0.0010000000474974513 34
1750697833441 0.0010000000474974513 35
1750697833444 0.0010000000474974513 36
1750697833448 0.0010000000474974513 37
1750697833451 0.0010000000474974513 38
1750697833454 0.0010000000474974513 39
1750697833457 0.0010000000474974513 40
1750697833461 0.0010000000474974513 41
1750697833464 0.0010000000474974513 42
1750697833467 0.0010000000474974513 43
1750697833471 0.0010000000474974513 44
1750697833475 0.0010000000474974513 45
1750697833478 0.0010000000474974513 46
1750697833482 0.0005000000237487257 47
1750697833485 0.0005000000237487257 48
1750697833488 0.0005000000237487257 49
1750697833492 0.0005000000237487257 50
1750697833495 0.0005000000237487257 51
1750697833498 0.0005000000237487257 52
1750697833502 0.0005000000237487257 53
1750697833505 0.0005000000237487257 54
1750697833508 0.0005000000237487257 55
1750697833512 0.0005000000237487257 56
1750697833515 0.0002500000118743628 57
1750697833518 0.0002500000118743628 58
1750697833522 0.0002500000118743628 59
1750697833525 0.0002500000118743628 60
1750697833528 0.0002500000118743628 61
1750697833532 0.0002500000118743628 62
1750697833535 0.0002500000118743628 63
1750697833538 0.0002500000118743628 64
1750697833542 0.0002500000118743628 65
1750697833545 0.0002500000118743628 66
1750697833548 0.0001250000059371814 67
1750697833552 0.0001250000059371814 68
1750697833555 0.0001250000059371814 69
1750697833558 0.0001250000059371814 70
1750697833562 0.0001250000059371814 71
1750697833564 0.0001250000059371814 72
1750697833568 0.0001250000059371814 73
1750697833571 0.0001250000059371814 74
1750697833576 0.0001250000059371814 75
1750697833579 0.0001250000059371814 76
1750697833583 6.25000029685907e-05 77
1750697833586 6.25000029685907e-05 78
1750697833590 6.25000029685907e-05 79
1750697833593 6.25000029685907e-05 80
1750697833597 6.25000029685907e-05 81
1750697833600 6.25000029685907e-05 82
1750697833603 6.25000029685907e-05 83
1750697833607 6.25000029685907e-05 84
1750697833611 6.25000029685907e-05 85
1750697833615 6.25000029685907e-05 86
1750697833620 3.125000148429535e-05 87
1750697833623 3.125000148429535e-05 88
1750697833627 3.125000148429535e-05 89
1750697833630 3.125000148429535e-05 90
1750697833633 3.125000148429535e-05 91
1750697833637 3.125000148429535e-05 92
1750697833641 3.125000148429535e-05 93
1750697833644 3.125000148429535e-05 94
1750697833647 3.125000148429535e-05 95
1750697833651 3.125000148429535e-05 96
1750697833654 1.5625000742147677e-05 97
1750697833657 1.5625000742147677e-05 98
1750697833661 1.5625000742147677e-05 99
1750697833664 1.5625000742147677e-05 100
1750697833667 1.5625000742147677e-05 101
1750697833670 1.5625000742147677e-05 102
1750697833674 1.5625000742147677e-05 103
1750697833677 1.5625000742147677e-05 104
1750697833681 1.5625000742147677e-05 105
1750697833684 1.5625000742147677e-05 106
1750697833690 7.812500371073838e-06 107
1750697833696 7.812500371073838e-06 108
1750697833701 7.812500371073838e-06 109
1750697833705 7.812500371073838e-06 110
1750697833712 7.812500371073838e-06 111
1750697833717 7.812500371073838e-06 112
1750697833721 7.812500371073838e-06 113
1750697833726 7.812500371073838e-06 114
1750697833730 7.812500371073838e-06 115
1750697833734 7.812500371073838e-06 116
1750697833739 3.906250185536919e-06 117
1750697833743 3.906250185536919e-06 118
1750697833747 3.906250185536919e-06 119
1750697833753 3.906250185536919e-06 120
1750697833758 3.906250185536919e-06 121
1750697833763 3.906250185536919e-06 122
1750697833767 3.906250185536919e-06 123
1750697833773 3.906250185536919e-06 124
1750697833778 3.906250185536919e-06 125
1750697833783 3.906250185536919e-06 126
1750697833787 1.9531250927684596e-06 127
1750697833791 1.9531250927684596e-06 128
1750697833796 1.9531250927684596e-06 129
1750697833799 1.9531250927684596e-06 130
1750697833803 1.9531250927684596e-06 131
1750697833806 1.9531250927684596e-06 132
1750697833810 1.9531250927684596e-06 133
1750697833813 1.9531250927684596e-06 134
1750697833817 1.9531250927684596e-06 135
1750697833820 1.9531250927684596e-06 136
1750697833824 9.999999974752427e-07 137
1750697833827 9.999999974752427e-07 138
1750697833830 9.999999974752427e-07 139
1750697833834 9.999999974752427e-07 140
1750697833837 9.999999974752427e-07 141
1750697833840 9.999999974752427e-07 142
1750697833844 9.999999974752427e-07 143
1750697833847 9.999999974752427e-07 144
1750697833850 9.999999974752427e-07 145
1750697833854 9.999999974752427e-07 146
1750697833857 9.999999974752427e-07 147
1750697833860 9.999999974752427e-07 148
1750697833863 9.999999974752427e-07 149
1750697833866 9.999999974752427e-07 150
1750697833871 9.999999974752427e-07 151
1750697833874 9.999999974752427e-07 152
1750697833877 9.999999974752427e-07 153
1750697833881 9.999999974752427e-07 154
1750697833884 9.999999974752427e-07 155
1750697833888 9.999999974752427e-07 156
1750697833891 9.999999974752427e-07 157
1750697833894 9.999999974752427e-07 158
1750697833898 9.999999974752427e-07 159
1750697833903 9.999999974752427e-07 160
1750697833907 9.999999974752427e-07 161
1750697833910 9.999999974752427e-07 162
1750697833914 9.999999974752427e-07 163
1750697833917 9.999999974752427e-07 164
1750697833921 9.999999974752427e-07 165
1750697833924 9.999999974752427e-07 166
1750697833927 9.999999974752427e-07 167
1750697833931 9.999999974752427e-07 168
1750697833934 9.999999974752427e-07 169
1750697833937 9.999999974752427e-07 170
1750697833941 9.999999974752427e-07 171
1750697833945 9.999999974752427e-07 172
1750697833948 9.999999974752427e-07 173
1750697833952 9.999999974752427e-07 174
1750697833955 9.999999974752427e-07 175
1750697833959 9.999999974752427e-07 176
1750697833962 9.999999974752427e-07 177
1750697833966 9.999999974752427e-07 178
1750697833969 9.999999974752427e-07 179
1750697833972 9.999999974752427e-07 180
1750697833976 9.999999974752427e-07 181
1750697833979 9.999999974752427e-07 182
1750697833982 9.999999974752427e-07 183
1750697833985 9.999999974752427e-07 184
1750697833989 9.999999974752427e-07 185
1750697833992 9.999999974752427e-07 186
1750697833995 9.999999974752427e-07 187
1750697833998 9.999999974752427e-07 188
1750697834002 9.999999974752427e-07 189
1750697834005 9.999999974752427e-07 190
1750697834010 9.999999974752427e-07 191
1750697834013 9.999999974752427e-07 192
1750697834017 9.999999974752427e-07 193
1750697834020 9.999999974752427e-07 194
1750697834023 9.999999974752427e-07 195
1750697834026 9.999999974752427e-07 196
1750697834030 9.999999974752427e-07 197
1750697834033 9.999999974752427e-07 198
1750697834036 9.999999974752427e-07 199
1750697834039 9.999999974752427e-07 200
1750697834043 9.999999974752427e-07 201
1750697834046 9.999999974752427e-07 202
1750697834050 9.999999974752427e-07 203
1750697834053 9.999999974752427e-07 204
1750697834056 9.999999974752427e-07 205
1750697834060 9.999999974752427e-07 206
1750697834063 9.999999974752427e-07 207
1750697834067 9.999999974752427e-07 208
1750697834069 9.999999974752427e-07 209
1750697834073 9.999999974752427e-07 210
1750697834077 9.999999974752427e-07 211
1750697834080 9.999999974752427e-07 212
1750697834083 9.999999974752427e-07 213
1750697834086 9.999999974752427e-07 214
1750697834090 9.999999974752427e-07 215
1750697834093 9.999999974752427e-07 216
1750697834096 9.999999974752427e-07 217
1750697834100 9.999999974752427e-07 218
1750697834103 9.999999974752427e-07 219
1750697834106 9.999999974752427e-07 220
1750697834110 9.999999974752427e-07 221
1750697834113 9.999999974752427e-07 222
1750697834117 9.999999974752427e-07 223
1750697834121 9.999999974752427e-07 224
1750697834124 9.999999974752427e-07 225
1750697834128 9.999999974752427e-07 226
1750697834132 9.999999974752427e-07 227
1750697834135 9.999999974752427e-07 228
1750697834138 9.999999974752427e-07 229
1750697834141 9.999999974752427e-07 230
1750697834145 9.999999974752427e-07 231
1750697834148 9.999999974752427e-07 232
1750697834151 9.999999974752427e-07 233
1750697834155 9.999999974752427e-07 234
1750697834158 9.999999974752427e-07 235
1750697834161 9.999999974752427e-07 236
