1750697823426 0.2830950915813446 0
1750697823431 0.17573107779026031 1
1750697823435 0.12574753165245056 2
1750697823437 0.11312910169363022 3
1750697823442 0.09134022891521454 4
1750697823446 0.07703256607055664 5
1750697823451 0.07552480697631836 6
1750697823455 0.0730658546090126 7
1750697823458 0.06692875921726227 8
1750697823461 0.06447198987007141 9
1750697823465 0.060332268476486206 10
1750697823468 0.05728742852807045 11
1750697823472 0.0556778758764267 12
1750697823475 0.05414871871471405 13
1750697823478 0.05050894245505333 14
1750697823482 0.04925931990146637 15
1750697823485 0.05310870334506035 16
1750697823489 0.05149657651782036 17
1750697823494 0.05047965049743652 18
1750697823497 0.04950167238712311 19
1750697823501 0.05306069925427437 20
1750697823504 0.044332269579172134 21
1750697823508 0.050583358854055405 22
1750697823511 0.04709268733859062 23
1750697823514 0.04575932025909424 24
1750697823517 0.04428274184465408 25
1750697823520 0.04231198877096176 26
1750697823524 0.04291670024394989 27
1750697823527 0.04260673373937607 28
1750697823530 0.040759533643722534 29
1750697823533 0.04276460409164429 30
1750697823537 0.04647958278656006 31
1750697823540 0.05061042681336403 32
1750697823543 0.04134010151028633 33
1750697823546 0.04015645012259483 34
1750697823550 0.038314029574394226 35
1750697823553 0.03942447155714035 36
1750697823556 0.039598315954208374 37
1750697823559 0.03853197768330574 38
1750697823562 0.04309368506073952 39
1750697823566 0.04095975682139397 40
1750697823569 0.04144982621073723 41
1750697823572 0.04362979903817177 42
1750697823575 0.04116491600871086 43
1750697823579 0.04169665277004242 44
1750697823583 0.04213523492217064 45
1750697823586 0.04134932532906532 46
1750697823590 0.04040644317865372 47
1750697823594 0.039201509207487106 48
1750697823597 0.03870980441570282 49
1750697823600 0.03684741258621216 50
1750697823604 0.03602050244808197 51
1750697823607 0.03385144844651222 52
1750697823610 0.03388630226254463 53
1750697823614 0.03354719653725624 54
1750697823617 0.03411868214607239 55
1750697823620 0.03555363789200783 56
1750697823623 0.034048471599817276 57
1750697823627 0.03399331122636795 58
1750697823630 0.03278269246220589 59
1750697823633 0.034144043922424316 60
1750697823636 0.03318008780479431 61
1750697823639 0.03372235968708992 62
1750697823643 0.03257538378238678 63
1750697823646 0.03199036046862602 64
1750697823649 0.031982388347387314 65
1750697823652 0.03219011798501015 66
1750697823656 0.03327641636133194 67
1750697823659 0.030992479994893074 68
1750697823662 0.030819015577435493 69
1750697823666 0.030063316226005554 70
1750697823669 0.0315377302467823 71
1750697823672 0.03303695097565651 72
1750697823676 0.031049972400069237 73
1750697823679 0.03106953576207161 74
1750697823682 0.031249793246388435 75
1750697823686 0.03314363956451416 76
1750697823689 0.030743936076760292 77
1750697823692 0.030887989327311516 78
1750697823695 0.03070617839694023 79
1750697823699 0.030765634030103683 80
1750697823704 0.031117243692278862 81
1750697823707 0.030598986893892288 82
1750697823711 0.031523697078228 83
1750697823714 0.03165736794471741 84
1750697823717 0.030509211122989655 85
1750697823721 0.030943410471081734 86
1750697823724 0.030003206804394722 87
1750697823727 0.030717695131897926 88
1750697823730 0.032279063016176224 89
1750697823734 0.030538074672222137 90
1750697823737 0.030050097033381462 91
1750697823740 0.03061348758637905 92
1750697823744 0.03155265748500824 93
1750697823747 0.031282827258110046 94
1750697823750 0.03177468106150627 95
1750697823754 0.03167325630784035 96
1750697823758 0.029393397271633148 97
1750697823762 0.029380934312939644 98
1750697823766 0.02916470356285572 99
1750697823769 0.031158311292529106 100
1750697823772 0.029796075075864792 101
1750697823776 0.030776485800743103 102
1750697823779 0.030289169400930405 103
1750697823783 0.030471496284008026 104
1750697823786 0.03071380779147148 105
1750697823789 0.031472478061914444 106
1750697823793 0.03076624870300293 107
1750697823796 0.03061838261783123 108
1750697823800 0.03227442502975464 109
1750697823803 0.02867176942527294 110
1750697823806 0.031249558553099632 111
1750697823812 0.030630582943558693 112
1750697823816 0.032389264553785324 113
1750697823819 0.03085915558040142 114
1750697823822 0.03118852898478508 115
1750697823826 0.031574930995702744 116
1750697823829 0.03055509924888611 117
1750697823832 0.030484439805150032 118
1750697823836 0.030339082702994347 119
1750697823839 0.030501697212457657 120
1750697823844 0.029374167323112488 121
1750697823853 0.032051365822553635 122
1750697823857 0.02918577380478382 123
1750697823862 0.032087936997413635 124
1750697823866 0.03171854093670845 125
1750697823871 0.030681664124131203 126
1750697823876 0.030095065012574196 127
1750697823881 0.029752550646662712 128
1750697823885 0.03104063682258129 129
1750697823888 0.03137023746967316 130
1750697823891 0.03018234111368656 131
1750697823894 0.030752599239349365 132
1750697823898 0.029836999252438545 133
1750697823901 0.030895119532942772 134
1750697823905 0.03156429901719093 135
1750697823907 0.030799785628914833 136
1750697823911 0.02998022735118866 137
1750697823915 0.029900455847382545 138
1750697823919 0.03096790798008442 139
1750697823922 0.028452284634113312 140
1750697823925 0.03227463364601135 141
1750697823929 0.030464861541986465 142
1750697823932 0.032214585691690445 143
1750697823936 0.030008327215909958 144
1750697823939 0.030071593821048737 145
1750697823942 0.031485557556152344 146
1750697823945 0.031552527099847794 147
1750697823949 0.029940800741314888 148
1750697823952 0.0324215330183506 149
1750697823955 0.03130430355668068 150
1750697823959 0.030817465856671333 151
1750697823962 0.03186381235718727 152
1750697823965 0.029973499476909637 153
1750697823968 0.030643409118056297 154
1750697823971 0.030512962490320206 155
1750697823975 0.031156055629253387 156
1750697823978 0.02965097315609455 157
1750697823981 0.03081105463206768 158
1750697823984 0.029873568564653397 159
1750697823987 0.030471017584204674 160
1750697823992 0.03007551282644272 161
1750697823995 0.03165357559919357 162
1750697823999 0.03083648905158043 163
1750697824002 0.031277239322662354 164
1750697824005 0.02960706315934658 165
1750697824008 0.0294447410851717 166
1750697824012 0.030041879042983055 167
1750697824015 0.03142010420560837 168
1750697824019 0.03072143904864788 169
1750697824023 0.030962973833084106 170
1750697824027 0.030686860904097557 171
1750697824030 0.02919582650065422 172
1750697824033 0.030649982392787933 173
1750697824037 0.03087187558412552 174
1750697824040 0.02975255250930786 175
1750697824043 0.031892064958810806 176
1750697824047 0.029792310670018196 177
1750697824050 0.02989102341234684 178
1750697824053 0.030307231470942497 179
1750697824056 0.03027847595512867 180
1750697824060 0.031630925834178925 181
1750697824063 0.031241819262504578 182
1750697824066 0.030962839722633362 183
1750697824070 0.0313219279050827 184
1750697824073 0.030223261564970016 185
1750697824077 0.02936229668557644 186
1750697824079 0.029717180877923965 187
1750697824083 0.03129194304347038 188
1750697824086 0.03058544173836708 189
1750697824091 0.030704688280820847 190
1750697824095 0.031455300748348236 191
1750697824098 0.030916787683963776 192
1750697824101 0.031038768589496613 193
1750697824105 0.03042771853506565 194
1750697824109 0.030901262536644936 195
1750697824112 0.03208500146865845 196
1750697824116 0.030266553163528442 197
1750697824119 0.03178264573216438 198
1750697824122 0.0309956893324852 199
1750697824130 0.02932114340364933 200
1750697824133 0.030635686591267586 201
1750697824137 0.02991436794400215 202
1750697824140 0.03033091127872467 203
1750697824144 0.029239434748888016 204
1750697824147 0.02913077175617218 205
1750697824151 0.031463757157325745 206
1750697824154 0.03121512196958065 207
1750697824158 0.030474498867988586 208
1750697824161 0.029993358999490738 209
1750697824164 0.03077220544219017 210
1750697824167 0.03142271563410759 211
1750697824171 0.03188353404402733 212
1750697824174 0.02971073053777218 213
1750697824177 0.03058713488280773 214
1750697824180 0.030087893828749657 215
1750697824184 0.031756844371557236 216
1750697824188 0.029354335740208626 217
1750697824191 0.02941056154668331 218
1750697824194 0.03119967319071293 219
1750697824197 0.029892250895500183 220
1750697824201 0.03123755194246769 221
1750697824204 0.029764415696263313 222
1750697824207 0.02927468903362751 223
1750697824210 0.03161483630537987 224
1750697824213 0.031364522874355316 225
1750697824217 0.030157070606946945 226
1750697824220 0.031161107122898102 227
1750697824224 0.030479304492473602 228
1750697824227 0.03138434514403343 229
1750697824230 0.031234610825777054 230
1750697824234 0.030372379347682 231
1750697824238 0.030444011092185974 232
1750697824241 0.029924264177680016 233
1750697824244 0.029614226892590523 234
1750697824248 0.03196960315108299 235
1750697824252 0.02981250174343586 236
