1750697824255 0.619559109210968 0
1750697824259 0.4689003825187683 1
1750697824263 0.3836539685726166 2
1750697824266 0.3516187071800232 3
1750697824270 0.31420353055000305 4
1750697824273 0.28374212980270386 5
1750697824276 0.2731058597564697 6
1750697824280 0.2702270448207855 7
1750697824283 0.253248393535614 8
1750697824287 0.25877875089645386 9
1750697824290 0.24752993881702423 10
1750697824293 0.2401418387889862 11
1750697824297 0.23303794860839844 12
1750697824300 0.22779370844364166 13
1750697824303 0.22011838853359222 14
1750697824306 0.21737773716449738 15
1750697824310 0.22697420418262482 16
1750697824313 0.22893020510673523 17
1750697824316 0.22783412039279938 18
1750697824320 0.22085453569889069 19
1750697824323 0.21903429925441742 20
1750697824327 0.20675469934940338 21
1750697824330 0.2241630256175995 22
1750697824333 0.21305696666240692 23
1750697824337 0.20600548386573792 24
1750697824341 0.20432230830192566 25
1750697824346 0.20037280023097992 26
1750697824350 0.19968700408935547 27
1750697824353 0.2016160935163498 28
1750697824357 0.19840620458126068 29
1750697824360 0.20188157260417938 30
1750697824363 0.2085660696029663 31
1750697824367 0.22036756575107574 32
1750697824370 0.1969173699617386 33
1750697824373 0.18934978544712067 34
1750697824376 0.1856340914964676 35
1750697824380 0.18957772850990295 36
1750697824383 0.18827691674232483 37
1750697824387 0.18649335205554962 38
1750697824390 0.19996537268161774 39
1750697824393 0.19570496678352356 40
1750697824397 0.1968798041343689 41
1750697824401 0.20441311597824097 42
1750697824404 0.1982850730419159 43
1750697824407 0.1970345824956894 44
1750697824411 0.195130854845047 45
1750697824414 0.1982351690530777 46
1750697824417 0.19566893577575684 47
1750697824420 0.18430213630199432 48
1750697824424 0.18423506617546082 49
1750697824427 0.17863182723522186 50
1750697824431 0.17926077544689178 51
1750697824435 0.17306211590766907 52
1750697824441 0.1726902574300766 53
1750697824446 0.17173489928245544 54
1750697824450 0.1719878613948822 55
1750697824453 0.17345714569091797 56
1750697824456 0.17115779221057892 57
1750697824459 0.17148417234420776 58
1750697824463 0.16863176226615906 59
1750697824466 0.1693747341632843 60
1750697824470 0.1710347831249237 61
1750697824473 0.16873982548713684 62
1750697824476 0.1674928367137909 63
1750697824480 0.1672917604446411 64
1750697824483 0.1659684032201767 65
1750697824486 0.16564330458641052 66
1750697824490 0.1686650812625885 67
1750697824493 0.16241711378097534 68
1750697824496 0.1618926078081131 69
1750697824500 0.160248801112175 70
1750697824503 0.16375544667243958 71
1750697824506 0.16726504266262054 72
1750697824509 0.16201011836528778 73
1750697824513 0.16267189383506775 74
1750697824516 0.1639322191476822 75
1750697824518 0.16762112081050873 76
1750697824523 0.16132386028766632 77
1750697824526 0.16243934631347656 78
1750697824529 0.1605035364627838 79
1750697824532 0.16115956008434296 80
1750697824535 0.1621640920639038 81
1750697824539 0.1603303998708725 82
1750697824542 0.16596494615077972 83
1750697824546 0.1648491472005844 84
1750697824549 0.16095460951328278 85
1750697824553 0.162697434425354 86
1750697824557 0.15920157730579376 87
1750697824560 0.16306142508983612 88
1750697824564 0.1657681167125702 89
1750697824567 0.16197015345096588 90
1750697824570 0.16044798493385315 91
1750697824574 0.16064375638961792 92
1750697824577 0.16394205391407013 93
1750697824581 0.1637098342180252 94
1750697824584 0.16294153034687042 95
1750697824587 0.1655016541481018 96
1750697824591 0.15868134796619415 97
1750697824595 0.15775001049041748 98
1750697824599 0.15965379774570465 99
1750697824602 0.16247975826263428 100
1750697824605 0.16018840670585632 101
1750697824608 0.1606636941432953 102
1750697824612 0.16110296547412872 103
1750697824615 0.1631670594215393 104
1750697824619 0.1624792367219925 105
1750697824622 0.16284112632274628 106
1750697824625 0.16273733973503113 107
1750697824628 0.16097091138362885 108
1750697824632 0.1657353639602661 109
1750697824634 0.15677939355373383 110
1750697824638 0.16322095692157745 111
1750697824642 0.161894291639328 112
1750697824645 0.1657082438468933 113
1750697824648 0.16210708022117615 114
1750697824652 0.16325634717941284 115
1750697824657 0.1624072939157486 116
1750697824660 0.16228894889354706 117
1750697824664 0.1625407487154007 118
1750697824668 0.16121700406074524 119
1750697824671 0.16227546334266663 120
1750697824674 0.1592237949371338 121
1750697824678 0.16722603142261505 122
1750697824681 0.1575482338666916 123
1750697824684 0.16447584331035614 124
1750697824688 0.16469022631645203 125
1750697824690 0.161894753575325 126
1750697824694 0.16042686998844147 127
1750697824698 0.15929141640663147 128
1750697824701 0.1616498827934265 129
1750697824704 0.16432319581508636 130
1750697824707 0.16094504296779633 131
1750697824711 0.16305376589298248 132
1750697824714 0.1598765105009079 133
1750697824717 0.16329574584960938 134
1750697824720 0.16333827376365662 135
1750697824724 0.16170498728752136 136
1750697824727 0.16107594966888428 137
1750697824730 0.15996159613132477 138
1750697824733 0.16265374422073364 139
1750697824737 0.1571732461452484 140
1750697824740 0.16393490135669708 141
1750697824743 0.16202880442142487 142
1750697824746 0.16625946760177612 143
1750697824749 0.16058951616287231 144
1750697824752 0.1597670465707779 145
1750697824758 0.1656569391489029 146
1750697824761 0.16387170553207397 147
1750697824765 0.15983846783638 148
1750697824768 0.16609793901443481 149
1750697824772 0.16457024216651917 150
1750697824775 0.16265355050563812 151
1750697824779 0.16455791890621185 152
1750697824782 0.15935975313186646 153
1750697824785 0.16115118563175201 154
1750697824789 0.15958572924137115 155
1750697824792 0.16288922727108002 156
1750697824795 0.16002723574638367 157
1750697824799 0.1614389270544052 158
1750697824802 0.16002942621707916 159
1750697824806 0.16147293150424957 160
1750697824811 0.1622331738471985 161
1750697824816 0.1634468138217926 162
1750697824820 0.16107484698295593 163
1750697824824 0.16264688968658447 164
1750697824829 0.16029107570648193 165
1750697824835 0.15978482365608215 166
1750697824840 0.1608618050813675 167
1750697824846 0.16209077835083008 168
1750697824849 0.16238698363304138 169
1750697824855 0.1608889102935791 170
1750697824860 0.16278009116649628 171
1750697824865 0.16011251509189606 172
1750697824869 0.16089487075805664 173
1750697824873 0.1628391295671463 174
1750697824878 0.15846244990825653 175
1750697824881 0.16461050510406494 176
1750697824887 0.16120488941669464 177
1750697824891 0.1612742394208908 178
1750697824896 0.1611897498369217 179
1750697824901 0.16052848100662231 180
1750697824905 0.16203489899635315 181
1750697824910 0.16243742406368256 182
1750697824913 0.16504721343517303 183
1750697824918 0.1638183742761612 184
1750697824921 0.16154389083385468 185
1750697824925 0.1594596952199936 186
1750697824929 0.16007444262504578 187
1750697824932 0.1641043871641159 188
1750697824935 0.1619187891483307 189
1750697824938 0.1620715856552124 190
1750697824942 0.1638772189617157 191
1750697824946 0.1616077423095703 192
1750697824949 0.16088789701461792 193
1750697824952 0.1607288420200348 194
1750697824955 0.16267041862010956 195
1750697824959 0.16522707045078278 196
1750697824964 0.16075833141803741 197
1750697824968 0.16535122692584991 198
1750697824971 0.16178536415100098 199
1750697824974 0.15824784338474274 200
1750697824978 0.16069403290748596 201
1750697824981 0.16024942696094513 202
1750697824984 0.1597868949174881 203
1750697824987 0.158791646361351 204
1750697824990 0.15772010385990143 205
1750697824994 0.1652892827987671 206
1750697824997 0.16190940141677856 207
1750697825001 0.16149042546749115 208
1750697825004 0.16128702461719513 209
1750697825007 0.16314218938350677 210
1750697825010 0.1636841893196106 211
1750697825014 0.16458210349082947 212
1750697825017 0.16020041704177856 213
1750697825020 0.16304737329483032 214
1750697825025 0.16056407988071442 215
1750697825029 0.16308774054050446 216
1750697825032 0.1574374884366989 217
1750697825036 0.15868130326271057 218
1750697825039 0.16261646151542664 219
1750697825042 0.1604219675064087 220
1750697825045 0.1626255065202713 221
1750697825049 0.16094815731048584 222
1750697825052 0.1586906909942627 223
1750697825055 0.16301678121089935 224
1750697825059 0.16475574672222137 225
1750697825062 0.1601109355688095 226
1750697825065 0.16240006685256958 227
1750697825069 0.16089677810668945 228
1750697825072 0.16246157884597778 229
1750697825076 0.16342206299304962 230
1750697825079 0.16110721230506897 231
1750697825083 0.15985268354415894 232
1750697825086 0.16062524914741516 233
1750697825089 0.1607089638710022 234
1750697825094 0.16369369626045227 235
1750697825097 0.15913166105747223 236
