1750697825101 0.6400469541549683 0
1750697825104 0.3709412217140198 1
1750697825107 0.26340460777282715 2
1750697825111 0.23779523372650146 3
1750697825114 0.18978245556354523 4
1750697825117 0.15947897732257843 5
1750697825120 0.15781137347221375 6
1750697825124 0.15249888598918915 7
1750697825127 0.13845473527908325 8
1750697825130 0.13366861641407013 9
1750697825134 0.1243487298488617 10
1750697825137 0.11786828190088272 11
1750697825140 0.1138753592967987 12
1750697825144 0.11106376349925995 13
1750697825147 0.1033560261130333 14
1750697825150 0.10124416649341583 15
1750697825153 0.10855487734079361 16
1750697825157 0.10485512763261795 17
1750697825161 0.10266228020191193 18
1750697825164 0.10084106773138046 19
1750697825168 0.10908934473991394 20
1750697825172 0.09014131128787994 21
1750697825176 0.10274609923362732 22
1750697825179 0.09538889676332474 23
1750697825182 0.09333941340446472 24
1750697825186 0.09028653055429459 25
1750697825189 0.08603177219629288 26
1750697825192 0.08770489692687988 27
1750697825196 0.08619347959756851 28
1750697825199 0.08252109587192535 29
1750697825203 0.08697014302015305 30
1750697825206 0.09432739019393921 31
1750697825209 0.10223208367824554 32
1750697825212 0.0833142027258873 33
1750697825216 0.08129777759313583 34
1750697825219 0.07747340947389603 35
1750697825222 0.07989858835935593 36
1750697825226 0.08010858297348022 37
1750697825229 0.07770237326622009 38
1750697825232 0.0876786857843399 39
1750697825236 0.08245647698640823 40
1750697825239 0.08422815799713135 41
1750697825243 0.08782320469617844 42
1750697825247 0.08292778581380844 43
1750697825250 0.08406580239534378 44
1750697825253 0.08558395504951477 45
1750697825256 0.08347572386264801 46
1750697825260 0.08068405836820602 47
1750697825264 0.07888694852590561 48
1750697825267 0.07778404653072357 49
1750697825270 0.07421853393316269 50
1750697825274 0.07243829220533371 51
1750697825277 0.06807395815849304 52
1750697825282 0.06791044771671295 53
1750697825285 0.06697070598602295 54
1750697825289 0.06828135251998901 55
1750697825292 0.07162787020206451 56
1750697825295 0.06819954514503479 57
1750697825299 0.06810921430587769 58
1750697825302 0.0655631422996521 59
1750697825304 0.06848431378602982 60
1750697825309 0.0667082667350769 61
1750697825312 0.06817656755447388 62
1750697825315 0.06535319983959198 63
1750697825318 0.06380591541528702 64
1750697825322 0.06460539996623993 65
1750697825325 0.06466413289308548 66
1750697825328 0.06686107814311981 67
1750697825332 0.06182626634836197 68
1750697825335 0.06197170168161392 69
1750697825338 0.059899333864450455 70
1750697825344 0.0630151554942131 71
1750697825347 0.06669402867555618 72
1750697825351 0.06223843991756439 73
1750697825354 0.061901841312646866 74
1750697825357 0.06236407533288002 75
1750697825360 0.06675105541944504 76
1750697825364 0.061738524585962296 77
1750697825367 0.061859264969825745 78
1750697825370 0.0615762434899807 79
1750697825373 0.06127266585826874 80
1750697825377 0.06232450529932976 81
1750697825380 0.06124661862850189 82
1750697825383 0.06291933357715607 83
1750697825386 0.06326271593570709 84
1750697825392 0.06053168326616287 85
1750697825395 0.06186689808964729 86
1750697825399 0.06057104095816612 87
1750697825402 0.06140964850783348 88
1750697825405 0.06515853852033615 89
1750697825408 0.06142313778400421 90
1750697825412 0.05990329384803772 91
1750697825415 0.06143301725387573 92
1750697825418 0.06315485388040543 93
1750697825422 0.06283202767372131 94
1750697825425 0.06448546797037125 95
1750697825428 0.06328266859054565 96
1750697825432 0.05871879309415817 97
1750697825435 0.05872970074415207 98
1750697825438 0.05844829976558685 99
1750697825443 0.062281619757413864 100
1750697825447 0.05948091670870781 101
1750697825451 0.06147674843668938 102
1750697825454 0.0604703426361084 103
1750697825457 0.06075894087553024 104
1750697825461 0.061504121869802475 105
1750697825464 0.0627257451415062 106
1750697825467 0.06157449632883072 107
1750697825471 0.06124700978398323 108
1750697825473 0.06465207785367966 109
1750697825477 0.05725869908928871 110
1750697825481 0.06263872236013412 111
1750697825484 0.06153496354818344 112
1750697825487 0.06551340967416763 113
1750697825491 0.061694223433732986 114
1750697825495 0.062443215399980545 115
1750697825499 0.0631793737411499 116
1750697825503 0.06061727553606033 117
1750697825506 0.06075829640030861 118
1750697825510 0.06087605655193329 119
1750697825513 0.060972895473241806 120
1750697825516 0.05848688632249832 121
1750697825520 0.0642780214548111 122
1750697825523 0.058507539331912994 123
1750697825526 0.06397024542093277 124
1750697825530 0.06329426169395447 125
1750697825533 0.06124434247612953 126
1750697825536 0.06064334884285927 127
1750697825540 0.059012867510318756 128
1750697825543 0.06217427924275398 129
1750697825546 0.06303329020738602 130
1750697825550 0.060125742107629776 131
1750697825552 0.06192554160952568 132
1750697825556 0.059587813913822174 133
1750697825559 0.06159595400094986 134
1750697825563 0.06332513689994812 135
1750697825566 0.06203261762857437 136
1750697825569 0.0594353973865509 137
1750697825573 0.05969923362135887 138
1750697825576 0.06229929253458977 139
1750697825579 0.05624712258577347 140
1750697825583 0.06504488736391068 141
1750697825586 0.060974374413490295 142
1750697825590 0.06454885751008987 143
1750697825593 0.06002619490027428 144
1750697825596 0.0602242536842823 145
1750697825600 0.06297099590301514 146
1750697825605 0.06332448124885559 147
1750697825608 0.05959092453122139 148
1750697825611 0.06470616161823273 149
1750697825615 0.06281876564025879 150
1750697825618 0.061971571296453476 151
1750697825621 0.0641908124089241 152
1750697825625 0.059996794909238815 153
1750697825628 0.06132148951292038 154
1750697825631 0.061228957027196884 155
1750697825635 0.06286084651947021 156
1750697825638 0.05912176892161369 157
1750697825641 0.062056172639131546 158
1750697825645 0.060079772025346756 159
1750697825648 0.06102078780531883 160
1750697825651 0.06031232699751854 161
1750697825655 0.0635920986533165 162
1750697825657 0.061705559492111206 163
1750697825661 0.06243855133652687 164
1750697825664 0.058821868151426315 165
1750697825668 0.05861181020736694 166
1750697825671 0.06004403904080391 167
1750697825674 0.0633075088262558 168
1750697825677 0.061733782291412354 169
1750697825681 0.06215551495552063 170
1750697825684 0.06161344051361084 171
1750697825687 0.05831607058644295 172
1750697825691 0.06141964718699455 173
1750697825694 0.06189310550689697 174
1750697825697 0.059460241347551346 175
1750697825702 0.06399281322956085 176
1750697825705 0.059411339461803436 177
1750697825709 0.059410348534584045 178
1750697825712 0.06038229539990425 179
1750697825716 0.06083091348409653 180
1750697825719 0.06358328461647034 181
1750697825722 0.06267541646957397 182
1750697825726 0.0619451105594635 183
1750697825729 0.06247573345899582 184
1750697825732 0.0608932226896286 185
1750697825736 0.05902025103569031 186
1750697825739 0.059025898575782776 187
1750697825742 0.06290476769208908 188
1750697825747 0.0614873543381691 189
1750697825752 0.06098732352256775 190
1750697825755 0.06299048662185669 191
1750697825758 0.06178872287273407 192
1750697825761 0.06229306012392044 193
1750697825765 0.06073492392897606 194
1750697825769 0.06197288632392883 195
1750697825772 0.06394980102777481 196
1750697825775 0.06063896790146828 197
1750697825778 0.06372182071208954 198
1750697825782 0.06190624460577965 199
1750697825785 0.05856895446777344 200
1750697825789 0.06111965328454971 201
1750697825792 0.05964624881744385 202
1750697825794 0.06074555963277817 203
1750697825798 0.05845177173614502 204
1750697825802 0.05841154232621193 205
1750697825806 0.06272765249013901 206
1750697825810 0.062494028359651566 207
1750697825813 0.06048676371574402 208
1750697825817 0.0602235347032547 209
1750697825819 0.06146452948451042 210
1750697825822 0.06304560601711273 211
1750697825827 0.06395960599184036 212
1750697825830 0.05923261120915413 213
1750697825833 0.06141573563218117 214
1750697825837 0.06007027253508568 215
1750697825841 0.06363946199417114 216
1750697825844 0.05881500989198685 217
1750697825847 0.0587933175265789 218
1750697825850 0.0627046525478363 219
1750697825854 0.05982176959514618 220
1750697825857 0.06251592934131622 221
1750697825860 0.05954761803150177 222
1750697825864 0.058616723865270615 223
1750697825867 0.06348137557506561 224
1750697825870 0.06254804134368896 225
1750697825874 0.060717955231666565 226
1750697825877 0.06280040740966797 227
1750697825880 0.06115565821528435 228
1750697825883 0.06295429915189743 229
1750697825886 0.06287070363759995 230
1750697825890 0.06105652078986168 231
1750697825893 0.06110585480928421 232
1750697825896 0.06020614504814148 233
1750697825900 0.05941496416926384 234
1750697825903 0.0640198215842247 235
1750697825906 0.05955714359879494 236
