1750697825910 -9.103081703186035 0
1750697825913 -5.434958457946777 1
1750697825917 -3.3205184936523438 2
1750697825920 -3.113293170928955 3
1750697825925 -2.219473361968994 4
1750697825929 -1.4518120288848877 5
1750697825932 -1.3419826030731201 6
1750697825935 -1.0332156419754028 7
1750697825939 -1.0135067701339722 8
1750697825942 -0.8841513395309448 9
1750697825946 -0.7261894345283508 10
1750697825949 -0.6712813377380371 11
1750697825952 -0.46475231647491455 12
1750697825956 -0.5144866704940796 13
1750697825959 -0.47903701663017273 14
1750697825962 -0.3800780475139618 15
1750697825966 -0.4444027543067932 16
1750697825969 -0.4294486939907074 17
1750697825973 -0.5285460948944092 18
1750697825977 -0.3915286064147949 19
1750697825981 -0.6029581427574158 20
1750697825984 -0.3022642731666565 21
1750697825987 -0.6709246635437012 22
1750697825991 -0.2768939435482025 23
1750697825994 -0.3243933916091919 24
1750697825998 -0.27898719906806946 25
1750697826001 -0.21489736437797546 26
1750697826004 -0.18435461819171906 27
1750697826008 -0.2727651000022888 28
1750697826011 -0.15077976882457733 29
1750697826015 -0.16246281564235687 30
1750697826018 -0.25467076897621155 31
1750697826021 -0.6358330845832825 32
1750697826026 -0.12400705367326736 33
1750697826030 -0.041021015495061874 34
1750697826033 -0.04929937794804573 35
1750697826037 -0.12237832695245743 36
1750697826039 -0.028456615284085274 37
1750697826043 -0.1336551457643509 38
1750697826047 -0.2443118840456009 39
1750697826050 -0.13615311682224274 40
1750697826053 -0.24370595812797546 41
1750697826057 -0.2578054368495941 42
1750697826060 -0.12307322770357132 43
1750697826063 -0.15347114205360413 44
1750697826067 -0.1583193689584732 45
1750697826070 -0.15349802374839783 46
1750697826073 -0.09520979970693588 47
1750697826076 -0.03309539332985878 48
1750697826080 -0.05704768747091293 49
1750697826083 -0.022434700280427933 50
1750697826086 0.020387211814522743 51
1750697826090 0.09122347086668015 52
1750697826093 0.08829447627067566 53
1750697826096 0.09524735808372498 54
1750697826100 0.08846119046211243 55
1750697826103 0.05434737354516983 56
1750697826106 0.0467483326792717 57
1750697826110 0.06116827204823494 58
1750697826113 0.11629559099674225 59
1750697826116 0.1281527876853943 60
1750697826119 0.08418434113264084 61
1750697826123 0.1051730141043663 62
1750697826126 0.13085472583770752 63
1750697826129 0.1582115739583969 64
1750697826133 0.1722005307674408 65
1750697826136 0.12029261142015457 66
1750697826140 0.11618075519800186 67
1750697826143 0.19114123284816742 68
1750697826147 0.189383402466774 69
1750697826150 0.21629513800144196 70
1750697826154 0.1299293339252472 71
1750697826157 0.11641189455986023 72
1750697826160 0.17753255367279053 73
1750697826164 0.19239512085914612 74
1750697826167 0.22939372062683105 75
1750697826169 0.13706602156162262 76
1750697826173 0.16448622941970825 77
1750697826177 0.21111193299293518 78
1750697826180 0.19012615084648132 79
1750697826183 0.1602727323770523 80
1750697826186 0.2023899257183075 81
1750697826190 0.21478340029716492 82
1750697826193 0.12056072056293488 83
1750697826196 0.19342857599258423 84
1750697826200 0.18504391610622406 85
1750697826203 0.2288859635591507 86
1750697826206 0.24503257870674133 87
1750697826209 0.15063191950321198 88
1750697826213 0.15950265526771545 89
1750697826216 0.18630041182041168 90
1750697826219 0.2022104114294052 91
1750697826223 0.20290985703468323 92
1750697826226 0.17923179268836975 93
1750697826229 0.19938267767429352 94
1750697826233 0.1601029634475708 95
1750697826236 0.17749059200286865 96
1750697826239 0.26146286725997925 97
1750697826242 0.20262815058231354 98
1750697826246 0.2009933441877365 99
1750697826251 0.19476452469825745 100
1750697826256 0.19323889911174774 101
1750697826260 0.16082412004470825 102
1750697826263 0.19520166516304016 103
1750697826266 0.19976414740085602 104
1750697826270 0.19027873873710632 105
1750697826273 0.19363434612751007 106
1750697826276 0.1872911900281906 107
1750697826280 0.1758137196302414 108
1750697826283 0.1068151444196701 109
1750697826287 0.2260569930076599 110
1750697826290 0.1428292989730835 111
1750697826293 0.1944206804037094 112
1750697826297 0.11863214522600174 113
1750697826299 0.17209097743034363 114
1750697826303 0.16951844096183777 115
1750697826306 0.12063701450824738 116
1750697826310 0.21870024502277374 117
1750697826313 0.16159163415431976 118
1750697826316 0.16565561294555664 119
1750697826319 0.169278085231781 120
1750697826323 0.18921352922916412 121
1750697826326 0.11290465295314789 122
1750697826329 0.22770605981349945 123
1750697826333 0.10835272818803787 124
1750697826336 0.15665803849697113 125
1750697826339 0.22584527730941772 126
1750697826342 0.21022091805934906 127
1750697826346 0.20527422428131104 128
1750697826351 0.1873992383480072 129
1750697826356 0.166323721408844 130
1750697826359 0.19875600934028625 131
1750697826362 0.1304173320531845 132
1750697826366 0.21910889446735382 133
1750697826369 0.13828051090240479 134
1750697826372 0.13148343563079834 135
1750697826375 0.18730682134628296 136
1750697826379 0.20439818501472473 137
1750697826382 0.20063331723213196 138
1750697826385 0.16347737610340118 139
1750697826389 0.25411495566368103 140
1750697826392 0.15836769342422485 141
1750697826395 0.17924626171588898 142
1750697826398 0.11203518509864807 143
1750697826401 0.20309607684612274 144
1750697826405 0.24737480282783508 145
1750697826408 0.17716750502586365 146
1750697826411 0.17539863288402557 147
1750697826414 0.20170611143112183 148
1750697826417 0.1474212259054184 149
1750697826421 0.16258375346660614 150
1750697826424 0.22389094531536102 151
1750697826427 0.16320694983005524 152
1750697826430 0.21210800111293793 153
1750697826433 0.22408516705036163 154
1750697826436 0.19215531647205353 155
1750697826439 0.180145263671875 156
1750697826443 0.21230575442314148 157
1750697826447 0.20615169405937195 158
1750697826450 0.2045065462589264 159
1750697826453 0.18194633722305298 160
1750697826456 0.19670483469963074 161
1750697826459 0.1790323555469513 162
1750697826463 0.18533651530742645 163
1750697826466 0.12839680910110474 164
1750697826471 0.23529814183712006 165
1750697826475 0.20186595618724823 166
1750697826478 0.21350495517253876 167
1750697826481 0.21694158017635345 168
1750697826485 0.19286775588989258 169
1750697826488 0.19142431020736694 170
1750697826491 0.1904047280550003 171
1750697826494 0.2353343516588211 172
1750697826498 0.1492747664451599 173
1750697826501 0.18148981034755707 174
1750697826505 0.250977098941803 175
1750697826508 0.15851269662380219 176
1750697826512 0.23436976969242096 177
1750697826516 0.16646039485931396 178
1750697826520 0.17101870477199554 179
1750697826523 0.20739464461803436 180
1750697826526 0.182725191116333 181
1750697826530 0.1788550615310669 182
1750697826533 0.20116399228572845 183
1750697826537 0.19726988673210144 184
1750697826540 0.20217490196228027 185
1750697826543 0.2279140204191208 186
1750697826547 0.22497987747192383 187
1750697826550 0.10448160022497177 188
1750697826554 0.20608574151992798 189
1750697826557 0.19337348639965057 190
1750697826559 0.17622657120227814 191
1750697826564 0.21602632105350494 192
1750697826566 0.17204083502292633 193
1750697826570 0.2033122479915619 194
1750697826573 0.19645118713378906 195
1750697826578 0.16487176716327667 196
1750697826582 0.18577590584754944 197
1750697826585 0.15650574862957 198
1750697826588 0.14111308753490448 199
1750697826591 0.23103047907352448 200
1750697826595 0.16790448129177094 201
1750697826598 0.20262159407138824 202
1750697826601 0.19588974118232727 203
1750697826604 0.22246037423610687 204
1750697826607 0.20780925452709198 205
1750697826612 0.1691456437110901 206
1750697826615 0.15853263437747955 207
1750697826618 0.22318030893802643 208
1750697826621 0.21393926441669464 209
1750697826625 0.18662920594215393 210
1750697826628 0.19196787476539612 211
1750697826631 0.14066274464130402 212
1750697826634 0.2026229202747345 213
1750697826638 0.2120640128850937 214
1750697826641 0.22365112602710724 215
1750697826644 0.16205379366874695 216
1750697826648 0.2438119649887085 217
1750697826651 0.22115027904510498 218
1750697826654 0.14746025204658508 219
1750697826657 0.19363370537757874 220
1750697826660 0.15808062255382538 221
1750697826664 0.21252596378326416 222
1750697826667 0.2426440268754959 223
1750697826671 0.19136911630630493 224
1750697826674 0.18622460961341858 225
1750697826677 0.19183775782585144 226
1750697826682 0.18802885711193085 227
1750697826686 0.1771164983510971 228
1750697826689 0.16178204119205475 229
1750697826693 0.17962852120399475 230
1750697826696 0.1616608202457428 231
1750697826699 0.22285819053649902 232
1750697826702 0.21631808578968048 233
1750697826706 0.19259019196033478 234
1750697826709 0.16775624454021454 235
1750697826713 0.21580517292022705 236
