1750697826716 0.7541468143463135 0
1750697826720 0.5594581961631775 1
1750697826724 0.4800744652748108 2
1750697826727 0.4503372609615326 3
1750697826730 0.4084828495979309 4
1750697826733 0.3777673840522766 5
1750697826737 0.3764535188674927 6
1750697826741 0.3663966953754425 7
1750697826745 0.3488716185092926 8
1750697826749 0.3469740152359009 9
1750697826752 0.3347639739513397 10
1750697826756 0.32722270488739014 11
1750697826759 0.3200473189353943 12
1750697826763 0.31559526920318604 13
1750697826766 0.3064650297164917 14
1750697826769 0.30313459038734436 15
1750697826773 0.3108021318912506 16
1750697826776 0.30869433283805847 17
1750697826779 0.3060965836048126 18
1750697826783 0.3046753406524658 19
1750697826786 0.305554062128067 20
1750697826790 0.2864743769168854 21
1750697826793 0.3027416467666626 22
1750697826798 0.29299959540367126 23
1750697826802 0.28872984647750854 24
1750697826805 0.2852100133895874 25
1750697826808 0.2808370292186737 26
1750697826812 0.27988991141319275 27
1750697826816 0.28041359782218933 28
1750697826819 0.27476224303245544 29
1750697826822 0.28099769353866577 30
1750697826826 0.28777337074279785 31
1750697826829 0.29835614562034607 32
1750697826833 0.2759360074996948 33
1750697826836 0.26998278498649597 34
1750697826839 0.26524630188941956 35
1750697826844 0.26729273796081543 36
1750697826847 0.2681927978992462 37
1750697826851 0.2639586627483368 38
1750697826854 0.27956128120422363 39
1750697826857 0.27249327301979065 40
1750697826860 0.27415889501571655 41
1750697826864 0.280420184135437 42
1750697826867 0.27386587858200073 43
1750697826870 0.2764347791671753 44
1750697826874 0.27598604559898376 45
1750697826877 0.2746603190898895 46
1750697826880 0.27152130007743835 47
1750697826883 0.26337292790412903 48
1750697826887 0.26440849900245667 49
1750697826892 0.2590143084526062 50
1750697826896 0.25507205724716187 51
1750697826899 0.24972368776798248 52
1750697826902 0.25000277161598206 53
1750697826905 0.2459147870540619 54
1750697826909 0.24861060082912445 55
1750697826913 0.25330930948257446 56
1750697826916 0.24883580207824707 57
1750697826919 0.2475796341896057 58
1750697826923 0.2428358942270279 59
1750697826926 0.24794699251651764 60
1750697826929 0.24673573672771454 61
1750697826933 0.24791984260082245 62
1750697826936 0.24319696426391602 63
1750697826939 0.24045076966285706 64
1750697826942 0.24108707904815674 65
1750697826946 0.24328653514385223 66
1750697826950 0.24412137269973755 67
1750697826953 0.2369983047246933 68
1750697826956 0.23749816417694092 69
1750697826960 0.2326267510652542 70
1750697826963 0.23925061523914337 71
1750697826966 0.24330364167690277 72
1750697826970 0.23778268694877625 73
1750697826973 0.23744677007198334 74
1750697826976 0.23677131533622742 75
1750697826980 0.2435634285211563 76
1750697826983 0.2360169142484665 77
1750697826986 0.23633038997650146 78
1750697826990 0.23510609567165375 79
1750697826995 0.23625387251377106 80
1750697826999 0.23644974827766418 81
1750697827002 0.23449932038784027 82
1750697827005 0.239780455827713 83
1750697827008 0.238009974360466 84
1750697827012 0.2352188676595688 85
1750697827015 0.2363927662372589 86
1750697827018 0.23235774040222168 87
1750697827022 0.23619283735752106 88
1750697827025 0.24080178141593933 89
1750697827028 0.23548349738121033 90
1750697827031 0.23433944582939148 91
1750697827035 0.23472096025943756 92
1750697827039 0.2379131317138672 93
1750697827044 0.2362523227930069 94
1750697827049 0.239107146859169 95
1750697827055 0.23950983583927155 96
1750697827060 0.2301674485206604 97
1750697827065 0.23012232780456543 98
1750697827070 0.23144593834877014 99
1750697827074 0.23594601452350616 100
1750697827079 0.23400655388832092 101
1750697827083 0.23520679771900177 102
1750697827088 0.2343897670507431 103
1750697827093 0.23556894063949585 104
1750697827099 0.23571352660655975 105
1750697827103 0.23674915730953217 106
1750697827107 0.23668867349624634 107
1750697827110 0.2340964376926422 108
1750697827115 0.2405000776052475 109
1750697827121 0.22807839512825012 110
1750697827126 0.2388867884874344 111
1750697827130 0.23641066253185272 112
1750697827136 0.24252183735370636 113
1750697827140 0.23575763404369354 114
1750697827144 0.23811164498329163 115
1750697827148 0.235155388712883 116
1750697827151 0.23394127190113068 117
1750697827154 0.23519712686538696 118
1750697827158 0.23449020087718964 119
1750697827161 0.23544691503047943 120
1750697827164 0.23116746544837952 121
1750697827168 0.24058957397937775 122
1750697827171 0.23147991299629211 123
1750697827174 0.23977473378181458 124
1750697827177 0.2384684979915619 125
1750697827180 0.23466196656227112 126
1750697827184 0.2340492457151413 127
1750697827187 0.2302648425102234 128
1750697827190 0.2363247126340866 129
1750697827193 0.23857755959033966 130
1750697827197 0.23452341556549072 131
1750697827200 0.23724041879177094 132
1750697827204 0.23221677541732788 133
1750697827208 0.23701752722263336 134
1750697827211 0.2408488541841507 135
1750697827214 0.23660984635353088 136
1750697827217 0.2325967401266098 137
1750697827221 0.233346089720726 138
1750697827224 0.23688599467277527 139
1750697827227 0.227074533700943 140
1750697827231 0.24185705184936523 141
1750697827234 0.23641392588615417 142
1750697827237 0.24251186847686768 143
1750697827241 0.23341667652130127 144
1750697827246 0.23197786509990692 145
1750697827251 0.2382827252149582 146
1750697827254 0.23861297965049744 147
1750697827257 0.23288685083389282 148
1750697827260 0.24190127849578857 149
1750697827264 0.23755253851413727 150
1750697827267 0.2374357134103775 151
1750697827270 0.2409682720899582 152
1750697827273 0.23484012484550476 153
1750697827276 0.23523010313510895 154
1750697827280 0.23446610569953918 155
1750697827284 0.2386447638273239 156
1750697827287 0.23178471624851227 157
1750697827290 0.23560503125190735 158
1750697827293 0.2336840033531189 159
1750697827297 0.23484563827514648 160
1750697827300 0.23435045778751373 161
1750697827304 0.23865434527397156 162
1750697827307 0.23545168340206146 163
1750697827312 0.23845535516738892 164
1750697827315 0.23067788779735565 165
1750697827319 0.23176944255828857 166
1750697827323 0.23260900378227234 167
1750697827326 0.23645231127738953 168
1750697827330 0.23544345796108246 169
1750697827333 0.23582665622234344 170
1750697827336 0.23567773401737213 171
1750697827340 0.2308449149131775 172
1750697827343 0.23648306727409363 173
1750697827347 0.23727552592754364 174
1750697827351 0.2314157634973526 175
1750697827354 0.2389409840106964 176
1750697827357 0.23268671333789825 177
1750697827361 0.23325088620185852 178
1750697827364 0.2336738407611847 179
1750697827367 0.23468105494976044 180
1750697827370 0.23833264410495758 181
1750697827374 0.23749403655529022 182
1750697827377 0.23697778582572937 183
1750697827380 0.2369992733001709 184
1750697827383 0.233941912651062 185
1750697827387 0.2318372279405594 186
1750697827390 0.23220911622047424 187
1750697827393 0.23973040282726288 188
1750697827396 0.23497261106967926 189
1750697827400 0.2344118058681488 190
1750697827403 0.23960351943969727 191
1750697827406 0.2378728687763214 192
1750697827409 0.2361478954553604 193
1750697827412 0.23333574831485748 194
1750697827416 0.2370687574148178 195
1750697827420 0.23912274837493896 196
1750697827425 0.23390178382396698 197
1750697827428 0.2408708930015564 198
1750697827431 0.235883891582489 199
1750697827435 0.23143544793128967 200
1750697827437 0.23459145426750183 201
1750697827441 0.23283636569976807 202
1750697827445 0.23398324847221375 203
1750697827448 0.2320404052734375 204
1750697827451 0.23032598197460175 205
1750697827455 0.23862719535827637 206
1750697827458 0.23714673519134521 207
1750697827461 0.23384441435337067 208
1750697827464 0.23435209691524506 209
1750697827468 0.236654594540596 210
1750697827471 0.23774713277816772 211
1750697827474 0.2403658926486969 212
1750697827477 0.2322256714105606 213
1750697827481 0.23510190844535828 214
1750697827484 0.23369911313056946 215
1750697827487 0.24005140364170074 216
1750697827491 0.2309725284576416 217
1750697827494 0.23175127804279327 218
1750697827497 0.23736250400543213 219
1750697827500 0.23363372683525085 220
1750697827504 0.23749671876430511 221
1750697827507 0.2334906905889511 222
1750697827510 0.2318965643644333 223
1750697827513 0.23873190581798553 224
1750697827517 0.2386806309223175 225
1750697827520 0.23334816098213196 226
1750697827523 0.23756043612957 227
1750697827527 0.2361387014389038 228
1750697827530 0.2377062290906906 229
1750697827534 0.2384008765220642 230
1750697827538 0.2358091175556183 231
1750697827542 0.2340116798877716 232
1750697827545 0.233858123421669 233
1750697827549 0.23408710956573486 234
1750697827552 0.23937352001667023 235
1750697827555 0.2331576645374298 236
