1750697827559 127.03207397460938 0
1750697827563 121.97200012207031 1
1750697827567 102.89274597167969 2
1750697827570 93.65094757080078 3
1750697827574 85.80477905273438 4
1750697827579 79.13324737548828 5
1750697827582 78.53379821777344 6
1750697827585 77.4598159790039 7
1750697827589 71.41702270507812 8
1750697827593 73.72455596923828 9
1750697827597 74.4637451171875 10
1750697827600 67.55429077148438 11
1750697827604 68.03398132324219 12
1750697827607 65.6447525024414 13
1750697827610 64.79632568359375 14
1750697827614 62.249210357666016 15
1750697827617 64.98007202148438 16
1750697827620 68.9559326171875 17
1750697827624 67.54512786865234 18
1750697827627 64.70976257324219 19
1750697827630 61.87254333496094 20
1750697827634 60.41857147216797 21
1750697827637 64.26712036132812 22
1750697827640 62.111480712890625 23
1750697827644 58.69766616821289 24
1750697827648 61.6995964050293 25
1750697827652 58.53461837768555 26
1750697827655 59.85087966918945 27
1750697827658 61.3454475402832 28
1750697827662 60.49211883544922 29
1750697827665 59.3535041809082 30
1750697827668 57.732242584228516 31
1750697827671 62.323692321777344 32
1750697827675 58.526153564453125 33
1750697827678 56.223270416259766 34
1750697827682 55.22788619995117 35
1750697827685 54.95314025878906 36
1750697827688 54.79684066772461 37
1750697827692 54.7193489074707 38
1750697827695 58.4230842590332 39
1750697827698 58.345787048339844 40
1750697827701 58.02791213989258 41
1750697827704 60.15373611450195 42
1750697827708 57.638999938964844 43
1750697827711 60.20619201660156 44
1750697827715 57.1311149597168 45
1750697827718 58.58243942260742 46
1750697827721 58.42799377441406 47
1750697827725 55.61614990234375 48
1750697827728 52.13346481323242 49
1750697827731 53.7646484375 50
1750697827735 53.87482452392578 51
1750697827738 51.9098014831543 52
1750697827741 52.92135238647461 53
1750697827744 52.85285568237305 54
1750697827748 50.87514877319336 55
1750697827751 51.07783126831055 56
1750697827755 51.99769592285156 57
1750697827759 51.007232666015625 58
1750697827763 50.749637603759766 59
1750697827766 50.51411819458008 60
1750697827770 50.68348693847656 61
1750697827772 50.876678466796875 62
1750697827776 50.15294647216797 63
1750697827780 50.53199768066406 64
1750697827783 49.84500503540039 65
1750697827786 50.64009094238281 66
1750697827790 51.09063720703125 67
1750697827793 49.99525833129883 68
1750697827796 48.81072235107422 69
1750697827800 48.89948654174805 70
1750697827803 49.37882614135742 71
1750697827808 49.673919677734375 72
1750697827811 49.63957214355469 73
1750697827814 50.43544387817383 74
1750697827817 49.05931854248047 75
1750697827821 50.33258056640625 76
1750697827824 49.07155227661133 77
1750697827828 49.34682846069336 78
1750697827831 48.784141540527344 79
1750697827834 49.13560485839844 80
1750697827837 48.45673751831055 81
1750697827842 48.22893524169922 82
1750697827845 50.0189208984375 83
1750697827849 49.309085845947266 84
1750697827852 48.77824020385742 85
1750697827856 49.2426872253418 86
1750697827861 48.8265495300293 87
1750697827864 49.64521026611328 88
1750697827868 49.55046463012695 89
1750697827871 48.580169677734375 90
1750697827874 48.8758544921875 91
1750697827878 48.614418029785156 92
1750697827881 49.18238067626953 93
1750697827885 49.69584274291992 94
1750697827888 48.8974723815918 95
1750697827891 49.419559478759766 96
1750697827894 48.15509796142578 97
1750697827898 47.990997314453125 98
1750697827901 49.11135482788086 99
1750697827904 48.90058135986328 100
1750697827907 48.20041275024414 101
1750697827911 48.676143646240234 102
1750697827914 48.87971115112305 103
1750697827917 49.398197174072266 104
1750697827920 48.6879768371582 105
1750697827923 49.2760124206543 106
1750697827926 49.33849334716797 107
1750697827930 48.83637237548828 108
1750697827933 49.92032241821289 109
1750697827937 47.93662643432617 110
1750697827940 49.8858528137207 111
1750697827943 49.02145767211914 112
1750697827946 49.553749084472656 113
1750697827950 49.492252349853516 114
1750697827953 48.63203430175781 115
1750697827956 48.18354415893555 116
1750697827959 49.23261642456055 117
1750697827963 49.488704681396484 118
1750697827967 49.1740608215332 119
1750697827971 49.13301467895508 120
1750697827974 48.72099304199219 121
1750697827977 50.6699104309082 122
1750697827981 48.66777420043945 123
1750697827984 49.62007141113281 124
1750697827987 49.82497024536133 125
1750697827991 48.63261795043945 126
1750697827994 48.86686325073242 127
1750697827997 47.761558532714844 128
1750697828001 49.265262603759766 129
1750697828004 49.56126403808594 130
1750697828007 49.57295227050781 131
1750697828010 49.481407165527344 132
1750697828013 48.60931396484375 133
1750697828017 49.65062713623047 134
1750697828019 48.76145553588867 135
1750697828023 49.596744537353516 136
1750697828027 49.56198501586914 137
1750697828030 48.25516891479492 138
1750697828034 49.97826385498047 139
1750697828037 48.209869384765625 140
1750697828040 49.7425537109375 141
1750697828043 49.59145736694336 142
1750697828047 49.66693115234375 143
1750697828050 49.160430908203125 144
1750697828053 47.982879638671875 145
1750697828057 50.18455505371094 146
1750697828060 49.379669189453125 147
1750697828063 48.13663101196289 148
1750697828068 49.997867584228516 149
1750697828071 50.418846130371094 150
1750697828075 49.51649856567383 151
1750697828078 49.17634963989258 152
1750697828081 47.70573806762695 153
1750697828084 49.36799240112305 154
1750697828088 48.47039794921875 155
1750697828091 49.14302062988281 156
1750697828095 49.26918029785156 157
1750697828098 48.81733322143555 158
1750697828101 48.10592269897461 159
1750697828105 48.86781692504883 160
1750697828108 49.21731185913086 161
1750697828112 49.59458541870117 162
1750697828115 48.519981384277344 163
1750697828119 49.15609359741211 164
1750697828122 48.833465576171875 165
1750697828126 48.61203384399414 166
1750697828129 48.97447204589844 167
1750697828132 48.44008255004883 168
1750697828136 49.195953369140625 169
1750697828139 48.56944274902344 170
1750697828142 49.24229431152344 171
1750697828146 49.216678619384766 172
1750697828149 47.79575729370117 173
1750697828152 50.018524169921875 174
1750697828156 48.74597930908203 175
1750697828159 49.66669845581055 176
1750697828162 49.54457473754883 177
1750697828165 49.69157791137695 178
1750697828169 48.70252227783203 179
1750697828172 48.64277267456055 180
1750697828176 48.74374008178711 181
1750697828180 48.8541374206543 182
1750697828183 50.1314811706543 183
1750697828187 49.51628875732422 184
1750697828189 49.23780822753906 185
1750697828193 48.637290954589844 186
1750697828196 47.952186584472656 187
1750697828200 49.62966537475586 188
1750697828203 49.649757385253906 189
1750697828206 49.668094635009766 190
1750697828210 49.50286102294922 191
1750697828213 48.82368469238281 192
1750697828217 48.55826187133789 193
1750697828220 48.840206146240234 194
1750697828223 49.26442337036133 195
1750697828227 49.93140411376953 196
1750697828230 48.32047653198242 197
1750697828233 49.998897552490234 198
1750697828237 48.869483947753906 199
1750697828241 48.05207061767578 200
1750697828246 48.427154541015625 201
1750697828249 48.53481674194336 202
1750697828252 48.62864303588867 203
1750697828256 48.627227783203125 204
1750697828259 48.428382873535156 205
1750697828262 50.00212860107422 206
1750697828266 48.586421966552734 207
1750697828269 48.9566764831543 208
1750697828272 49.11652374267578 209
1750697828276 49.468074798583984 210
1750697828279 49.84418487548828 211
1750697828283 50.30839920043945 212
1750697828286 49.6070442199707 213
1750697828289 49.54790115356445 214
1750697828293 48.791717529296875 215
1750697828298 49.10200881958008 216
1750697828301 48.31375503540039 217
1750697828305 48.040977478027344 218
1750697828307 49.00407028198242 219
1750697828311 49.08302307128906 220
1750697828315 48.03554153442383 221
1750697828318 49.804176330566406 222
1750697828321 48.793426513671875 223
1750697828324 48.826446533203125 224
1750697828328 50.602657318115234 225
1750697828331 48.83436965942383 226
1750697828334 49.51972198486328 227
1750697828338 49.47342300415039 228
1750697828340 48.56207275390625 229
1750697828344 49.51096725463867 230
1750697828348 48.87836456298828 231
1750697828351 48.83248519897461 232
1750697828354 48.78262710571289 233
1750697828358 48.09443283081055 234
1750697828362 49.47592544555664 235
1750697828365 48.25090789794922 236
